Stations_ID; Mess_Datum_Beginn; Mess_Datum_Ende; Qualitaets_Niveau; Art; LUFTTEMPERATUR_MAXIMUM;LUFTTEMPERATUR;LUFTTEMPERATUR_MINIMUM;WINDSTAERKE;BEDECKUNGSGRAD; SONNENSCHEINDAUER; NIEDERSCHLAGSHOEHE; max(LUFTTEMPERATUR_MAXIMUM);min(LUFTTEMPERATUR_MINIMUM);max(WINDSPITZE_MAXIMUM); max(NIEDERSCHLAGSHOEHE);eor
  3137;19480101;19480131;   5;   1;    7.6;   5.1;    2.8;    2.50;  7.20;  -999;    73.5;  14.3;  -1.70;  -999;   16.7;eor
  3137;19480201;19480229;   5;   1;    5.6;   2.6;    0.0;    2.70;  5.52;  -999;    34.1;  12.6; -10.60;  -999;    9.9;eor
  3137;19480301;19480331;   5;   1;   13.6;   7.8;    2.6;    1.60;  4.00;  -999;    21.7;  19.6;  -2.60;  -999;   12.7;eor
  3137;19480401;19480430;   5;   1;   17.0;  11.8;    6.6;    2.40;  4.64;  -999;    32.4;  25.6;   2.10;  -999;    5.8;eor
  3137;19480501;19480531;   5;   1;   20.8;  15.7;   10.1;    2.20;  4.40;  -999;    54.3;  27.5;   2.60;  -999;   10.3;eor
  3137;19480601;19480630;   5;   1;   23.0;  17.6;   11.8;    2.10;  5.12;  -999;    46.1;  33.1;   7.10;  -999;   17.1;eor
  3137;19480701;19480731;   5;   1;   22.6;  17.7;   13.3;    2.00;  5.36;  -999;    70.8;  32.2;   7.90;  -999;   16.9;eor
  3137;19480801;19480831;   5;   1;   22.6;  17.6;   13.2;    1.70;  4.88;  -999;    83.6;  33.1;   7.50;  -999;   19.1;eor
  3137;19480901;19480930;   5;   1;   20.0;  14.2;    9.5;    1.30;  4.40;  -999;    21.0;  27.8;   0.20;  -999;    9.6;eor
  3137;19481001;19481031;   5;   1;   14.4;   9.5;    5.1;    1.80;  4.96;  -999;    30.7;  24.7;   0.20;  -999;   10.3;eor
  3137;19481101;19481130;   5;   1;    7.4;   4.2;    1.8;    1.10;  5.76;  -999;    21.9;  13.8;  -6.70;  -999;    9.8;eor
  3137;19481201;19481231;   5;   1;    2.3;   0.1;   -2.2;    1.50;  5.44;  -999;    22.2;  10.7; -11.30;  -999;    6.1;eor
  3137;19490101;19490131;   5;   1;    4.5;   2.2;    0.0;    2.30;  5.92;  -999;    17.3;  10.6;  -6.30;  -999;    5.1;eor
  3137;19490201;19490228;   5;   1;    5.4;   1.9;   -1.3;    1.60;  4.88; 110.3;    12.7;  12.3;  -8.70;  -999;    2.8;eor
  3137;19490301;19490331;   5;   1;   -999;   4.8;   -999;    2.10;  3.52; 196.5;    31.3;  22.4;  -4.90;  -999;   10.2;eor
  3137;19490401;19490430;   5;   1;   18.7;  12.6;    7.0;    2.40;  4.72; 217.4;    29.2;  30.3;   0.20;  -999;   19.7;eor
  3137;19490501;19490531;   5;   1;   18.5;  13.7;    9.3;    2.20;  5.76; 186.1;   104.0;  25.5;  -0.80;  -999;   38.6;eor
  3137;19490601;19490630;   5;   1;   21.1;  16.3;    9.7;    2.00;  4.80; 259.8;    21.7;  28.0;   3.70;  -999;   11.7;eor
  3137;19490701;19490731;   5;   1;   26.7;  20.5;   12.4;    1.80;  3.28; 348.9;     9.5;  34.7;   7.00;  -999;    8.7;eor
  3137;19490801;19490831;   5;   1;   24.7;  18.7;   13.0;    1.60;  4.56; 230.7;    83.4;  32.8;   7.60;  -999;   31.8;eor
  3137;19490901;19490930;   5;   1;   24.6;  17.7;   11.9;    1.10;  3.60; 231.9;    13.6;  33.0;   6.40;  -999;    3.9;eor
  3137;19491001;19491031;   5;   1;   16.1;  11.2;    6.9;    1.50;  4.80; 145.6;    49.5;  22.1;  -0.40;  -999;   25.5;eor
  3137;19491101;19491130;   5;   1;    7.2;   4.6;    1.8;    1.80;  6.24;  67.2;    34.0;  13.1;  -5.80;  -999;    9.2;eor
  3137;19491201;19491231;   5;   1;    5.9;   3.9;    1.5;    2.30;  6.56;  35.5;    76.0;  11.8;  -3.60;  -999;   15.8;eor
  3137;19500101;19500131;   5;   1;    3.0;   0.3;   -2.5;    1.80;  5.60;  86.9;    19.3;  10.8; -12.00;  -999;    8.2;eor
  3137;19500201;19500228;   5;   1;    7.6;   4.4;    0.9;    2.60;  6.48;  58.6;    55.8;  12.2;  -6.40;  -999;   11.6;eor
  3137;19500301;19500331;   5;   1;   11.1;   6.6;    1.6;    1.40;  4.72; 158.6;     4.9;  17.1;  -5.80;  -999;    1.2;eor
  3137;19500401;19500430;   5;   1;   12.6;   8.4;    4.2;    2.90;  5.76; 124.5;    53.7;  22.6;  -0.40;  -999;    9.6;eor
  3137;19500501;19500531;   5;   1;   20.7;  15.4;    9.4;    1.80;  4.16; 267.9;    88.3;  26.1;   2.00;  -999;   23.5;eor
  3137;19500601;19500630;   5;   1;   25.2;  19.4;   12.8;    1.50;  3.84; 295.7;    49.0;  32.5;   8.20;  -999;   15.9;eor
  3137;19500701;19500731;   5;   1;   25.3;  20.1;   14.0;    1.70;  4.40; 270.1;    77.9;  32.6;   8.90;  -999;   34.2;eor
  3137;19500801;19500831;   5;   1;   24.5;  18.4;   12.3;    1.00;  4.48; 247.8;    71.5;  33.0;   6.60;  -999;   19.8;eor
  3137;19500901;19500930;   5;   1;   17.9;  14.1;   10.5;    1.60;  6.16;  16.2;    54.4;  24.8;   5.10;  -999;   12.6;eor
  3137;19501001;19501031;   5;   1;   12.9;   8.5;    5.1;    1.60;  4.96;  -999;    14.0;  19.4;  -5.40;  -999;    5.2;eor
  3137;19501101;19501130;   5;   1;    8.0;   5.5;    2.8;    2.20;  6.80;  20.2;   106.5;  16.6;  -4.60;  -999;   24.4;eor
  3137;19501201;19501231;   5;   1;    0.6;  -1.2;   -3.3;    1.90;  6.88;  26.5;    64.3;   9.8; -10.70;  -999;   19.0;eor
  3137;19510101;19510131;   5;   1;    5.3;   3.4;    1.3;    1.90;  7.04;  27.4;    56.1;   9.5;  -6.30;  -999;   12.8;eor
  3137;19510201;19510228;   5;   1;    6.7;   3.9;    1.4;    2.00;  6.40;  54.7;    20.7;   9.0;  -2.00;  -999;    4.5;eor
  3137;19510301;19510331;   5;   1;    8.1;   4.2;    0.8;    2.50;  5.36; 109.1;    51.2;  17.2;  -7.30;  -999;   10.5;eor
  3137;19510401;19510430;   5;   1;   14.0;   8.8;    3.5;    2.30;  4.72; 185.9;    32.4;  25.2;  -1.30;  -999;    9.2;eor
  3137;19510501;19510531;   5;   1;   19.0;  13.7;    7.9;    2.10;  4.96; 212.1;    63.8;  26.6;  -0.30;  -999;   18.8;eor
  3137;19510601;19510630;   5;   1;   21.5;  16.7;   11.7;    1.50;  5.36; 194.7;    91.7;  27.4;   7.00;  -999;   16.0;eor
  3137;19510701;19510731;   5;   1;   24.6;  19.1;   12.8;    1.30;  4.40; 251.2;    49.8;  31.6;   7.10;  -999;   26.1;eor
  3137;19510801;19510831;   5;   1;   24.0;  18.3;   13.4;    1.30;  5.20; 204.8;    71.0;  32.4;   6.80;  -999;   31.6;eor
  3137;19510901;19510930;   5;   1;   21.1;  15.4;   10.2;    1.30;  4.16; 178.9;    50.0;  29.2;   2.00;  -999;   17.0;eor
  3137;19511001;19511031;   5;   1;   13.7;   8.2;    3.6;    1.30;  3.44;  -999;    17.9;  17.8;  -2.40;  -999;    9.5;eor
  3137;19511101;19511130;   5;   1;   10.1;   7.6;    5.1;    2.10;  6.72;  34.4;    66.1;  14.5;  -0.80;  -999;   14.5;eor
  3137;19511201;19511231;   5;   1;    4.2;   2.5;    0.4;    1.50;  6.96;  26.0;    32.3;   9.5;  -4.30;  -999;   15.1;eor
  3137;19520101;19520131;   5;   1;    3.5;   1.6;   -0.5;    2.30;  6.96;  32.4;    40.0;  10.6;  -5.00;  -999;    5.3;eor
  3137;19520201;19520229;   5;   1;    3.6;   1.3;   -1.3;    1.50;  6.72;  42.9;    31.4;   9.9; -10.00;  -999;   16.2;eor
  3137;19520301;19520331;   5;   1;    9.5;   5.4;    1.7;    1.60;  6.00; 113.1;    62.8;  16.2;  -4.00;  -999;   11.2;eor
  3137;19520401;19520430;   5;   1;   18.0;  12.1;    6.3;    1.20;  4.56; 186.3;    25.8;  25.5;  -1.90;  -999;    7.1;eor
  3137;19520501;19520531;   5;   1;   19.9;  14.7;    8.4;    1.50;  4.48; 217.7;    22.2;  26.6;   1.40;  -999;    6.3;eor
  3137;19520601;19520630;   5;   1;   22.9;  17.6;   11.6;    1.50;  4.56; 222.9;    30.3;  34.5;   6.60;  -999;    9.9;eor
  3137;19520701;19520731;   5;   1;   27.0;  21.4;   14.8;    1.40;  3.68; 273.8;    49.6;  37.8;   8.60;  -999;   44.6;eor
  3137;19520801;19520831;   5;   1;   25.5;  19.5;   13.8;    1.30;  5.28; 183.8;    60.1;  35.2;   8.40;  -999;   16.2;eor
  3137;19520901;19520930;   5;   1;   15.8;  11.6;    8.3;    1.80;  5.68; 101.4;    78.6;  22.2;   2.20;  -999;   13.5;eor
  3137;19521001;19521031;   5;   1;   12.1;   8.1;    4.5;    1.80;  5.60;  97.0;    66.0;  16.0;  -1.90;  -999;   18.0;eor
  3137;19521101;19521130;   5;   1;    5.2;   3.1;    0.8;    1.90;  6.48;  38.8;   106.4;  11.5;  -4.20;  -999;   20.9;eor
  3137;19521201;19521231;   5;   1;    3.1;   1.1;   -1.1;    1.60;  6.32;  40.1;    57.6;  10.1;  -8.20;  -999;   17.1;eor
  3137;19530101;19530131;   5;   1;    2.1;   0.5;   -1.5;    1.20;  6.80;  22.4;     8.4;   9.0;  -7.60;  -999;    4.5;eor
  3137;19530201;19530228;   5;   1;    4.8;   1.8;   -0.7;    2.00;  6.00;  69.4;    20.8;  13.2; -14.30;  -999;    5.3;eor
  3137;19530301;19530331;   5;   1;   13.6;   6.6;    0.4;    1.50;  2.56; 210.2;     4.9;  22.1;  -4.80;  -999;    1.6;eor
  3137;19530401;19530430;   5;   1;   16.2;  10.9;    5.3;    1.70;  4.48; 213.2;    30.5;  23.2;   0.30;  -999;    9.3;eor
  3137;19530501;19530531;   5;   1;   21.0;  15.7;    9.4;    1.90;  4.56; 220.7;    27.6;  31.8;  -1.40;  -999;   11.6;eor
  3137;19530601;19530630;   5;   1;   22.6;  17.5;   12.3;    1.30;  5.60; 183.7;    50.4;  28.8;   3.90;  -999;   13.3;eor
  3137;19530701;19530731;   5;   1;   23.9;  18.6;   13.8;    1.90;  5.04; 192.3;    58.0;  30.0;  10.00;  -999;    9.8;eor
  3137;19530801;19530831;   5;   1;   24.6;  18.3;   12.1;    1.70;  4.00;  -999;    16.0;  32.6;   7.10;  -999;    5.2;eor
  3137;19530901;19530930;   5;   1;   21.1;  15.2;    9.9;    1.90;  3.92; 180.7;    31.0;  33.3;   3.20;  -999;   10.2;eor
  3137;19531001;19531031;   5;   1;   15.8;  11.0;    7.3;    0.80;  5.36;  92.3;    51.5;  21.4;  -2.00;  -999;   21.6;eor
  3137;19531101;19531130;   5;   1;    7.7;   5.3;    2.7;    1.10;  6.16;  45.4;     6.2;  13.2;  -2.00;  -999;    3.1;eor
  3137;19531201;19531231;   5;   1;    5.5;   3.6;    2.0;    1.10;  6.48;  27.9;    29.1;  14.6;  -2.80;  -999;    6.5;eor
  3137;19540101;19540131;   5;   1;    1.2;  -1.3;   -3.8;    2.60;  4.72;  81.7;    43.9;  12.6; -13.20;  -999;    7.6;eor
  3137;19540201;19540228;   5;   1;    1.8;  -0.9;   -3.5;    1.90;  5.20;  74.8;    20.3;   8.3; -14.50;  -999;    7.0;eor
  3137;19540301;19540331;   5;   1;   11.5;   6.7;    2.6;    1.70;  4.64; 124.7;    15.9;  18.2;  -2.80;  -999;    6.4;eor
  3137;19540401;19540430;   5;   1;   12.7;   8.5;    4.1;    2.30;  4.88; 164.6;    30.2;  18.7;  -0.60;  -999;   10.1;eor
  3137;19540501;19540531;   5;   1;   19.3;  14.1;    8.0;    1.90;  4.56; 224.4;    52.9;  28.6;   2.20;  -999;   13.1;eor
  3137;19540601;19540630;   5;   1;   22.6;  17.8;   11.9;    1.40;  4.48; 242.0;    46.8;  32.0;   7.60;  -999;   11.9;eor
  3137;19540701;19540731;   5;   1;   20.5;  16.4;   12.0;    2.10;  6.08; 156.4;    62.9;  27.6;   8.20;  -999;   10.4;eor
  3137;19540801;19540831;   5;   1;   22.2;  17.2;   12.5;    1.60;  5.44; 181.2;    71.5;  32.8;   6.40;  -999;   14.0;eor
  3137;19540901;19540930;   5;   1;   18.8;  14.3;   10.2;    1.90;  5.52; 118.5;    84.6;  29.2;   2.20;  -999;   13.8;eor
  3137;19541001;19541031;   5;   1;   14.7;  10.5;    6.8;    1.40;  5.92;  99.7;    40.4;  22.7;   0.00;  -999;    6.8;eor
  3137;19541101;19541130;   5;   1;    8.5;   5.3;    2.1;    1.30;  5.84;  76.7;    29.4;  14.0;  -4.60;  -999;    6.9;eor
  3137;19541201;19541231;   5;   1;    6.6;   4.4;    2.4;    2.10;  7.04;  22.6;    84.0;  11.7;  -2.00;  -999;   13.7;eor
  3137;19550101;19550131;   5;   1;    1.4;  -0.8;   -3.0;    1.60;  6.24;  43.1;    44.5;   9.2;  -9.10;  -999;   11.4;eor
  3137;19550201;19550228;   5;   1;    2.8;   0.2;   -2.2;    2.20;  6.72;  59.3;    50.4;  10.6; -12.80;  -999;    9.4;eor
  3137;19550301;19550331;   5;   1;    6.8;   2.9;   -0.8;    2.50;  4.56; 185.9;    24.7;  21.0; -10.10;  -999;    7.0;eor
  3137;19550401;19550430;   5;   1;   14.8;   9.9;    4.0;    2.00;  4.56; 213.0;     7.7;  29.1;  -2.10;  -999;    3.1;eor
  3137;19550501;19550531;   5;   1;   17.5;  12.2;    6.2;    2.30;  4.96; 246.7;    63.2;  28.2;   0.10;  -999;   20.6;eor
  3137;19550601;19550630;   5;   1;   21.7;  16.8;   11.8;    1.80;  5.52; 214.5;   107.3;  28.1;   3.70;  -999;   23.8;eor
  3137;19550701;19550731;   5;   1;   23.8;  19.2;   14.5;    2.00;  5.36; 213.8;    87.4;  31.0;   9.20;  -999;   29.1;eor
  3137;19550801;19550831;   5;   1;   23.5;  18.1;   13.0;    1.20;  4.72; 223.8;    54.7;  28.3;   8.40;  -999;   16.5;eor
  3137;19550901;19550930;   5;   1;   20.3;  14.5;   10.1;    1.50;  4.32; 187.0;    46.1;  26.5;   2.70;  -999;   21.6;eor
  3137;19551001;19551031;   5;   1;   12.8;   8.5;    4.5;    1.60;  5.36; 109.9;    25.3;  18.0;  -3.60;  -999;    7.8;eor
  3137;19551101;19551130;   5;   1;    7.2;   4.5;    1.2;    1.70;  5.84;  57.7;    20.7;  16.0;  -7.10;  -999;    7.5;eor
  3137;19551201;19551231;   5;   1;    5.7;   3.4;    1.0;    2.00;  6.48;  46.7;    75.9;  13.2;  -4.60;  -999;   13.9;eor
  3137;19560101;19560131;   5;   1;    4.2;   1.7;   -0.9;    2.30;  5.68;  71.1;    51.0;  11.3; -15.20;  -999;   12.9;eor
  3137;19560201;19560229;   5;   1;   -3.7;  -7.9;  -13.3;    1.90;  4.16;  82.8;    12.0;   4.8; -20.70;  -999;    4.1;eor
  3137;19560301;19560331;   5;   1;   10.1;   6.1;    2.1;    2.30;  4.48; 159.8;    32.1;  20.0;  -6.60;  -999;   17.9;eor
  3137;19560401;19560430;   5;   1;   13.0;   8.0;    3.3;    1.80;  5.12;  -999;    49.2;  21.2;  -1.60;  -999;   17.7;eor
  3137;19560501;19560531;   5;   1;   20.7;  14.7;    7.7;    1.70;  4.08;  -999;    25.3;  29.2;   1.10;  -999;    6.3;eor
  3137;19560601;19560630;   5;   1;   19.5;  14.9;   10.7;    2.30;  6.32;  -999;    69.3;  26.0;   4.60;  -999;   19.6;eor
  3137;19560701;19560731;   5;   1;   23.7;  18.2;   12.8;    2.00;  5.36;  -999;   109.5;  30.7;   9.40;  -999;   23.5;eor
  3137;19560801;19560831;   5;   1;   21.0;  15.5;   10.3;    1.80;  4.88;  -999;    98.9;  26.0;   5.00;  -999;   21.3;eor
  3137;19560901;19560930;   5;   1;   19.9;  14.6;   10.0;    1.70;  3.68;  -999;    35.6;  23.3;   4.60;  -999;    8.0;eor
  3137;19561001;19561031;   5;   1;   12.5;   8.8;    5.6;    1.50;  6.32;  -999;    59.7;  21.9;   0.20;  -999;   11.1;eor
  3137;19561101;19561130;   5;   1;    6.6;   4.1;    1.1;    2.10;  5.76;  -999;    28.4;  11.3;  -8.30;  -999;    8.7;eor
  3137;19561201;19561231;   5;   1;    5.2;   3.2;    0.9;    1.00;  7.04;  -999;    29.1;  11.3;  -7.00;  -999;    5.6;eor
  3137;19570101;19570131;   5;   1;    2.9;   0.4;   -2.7;    1.60;  5.52;  -999;    46.3;  11.2; -10.40;  -999;   11.5;eor
  3137;19570201;19570228;   5;   1;    8.7;   5.1;    2.1;    1.50;  5.84;  -999;    63.3;  15.3;  -3.20;  -999;   15.9;eor
  3137;19570301;19570331;   5;   1;   13.6;   8.3;    3.4;    1.50;  4.16;  -999;    46.9;  20.2;  -4.20;  -999;   28.6;eor
  3137;19570401;19570430;   5;   1;   15.7;  10.5;    3.9;    1.90;  3.36;  -999;    24.1;  23.8;  -0.40;  -999;   10.3;eor
  3137;19570501;19570531;   5;   1;   16.8;  11.9;    5.6;    2.10;  3.92;  -999;    28.3;  25.4;  -0.80;  -999;   10.0;eor
  3137;19570601;19570630;   5;   1;   24.4;  18.8;   11.2;    1.70;  3.44;  -999;    47.1;  31.6;   4.20;  -999;   13.0;eor
  3137;19570701;19570731;   5;   1;   25.1;  19.8;   13.9;    1.30;  4.80;  -999;    76.3;  36.6;   9.40;  -999;   15.1;eor
  3137;19570801;19570831;   5;   1;   21.5;  16.4;   11.1;    1.50;  4.64;  -999;    49.2;  27.3;   5.60;  -999;   11.4;eor
  3137;19570901;19570930;   5;   1;   17.9;  13.3;    9.5;    1.30;  6.00;  -999;    93.9;  25.3;   3.30;  -999;   16.3;eor
  3137;19571001;19571031;   5;   1;   13.8;   9.6;    5.5;    1.00;  5.28;  -999;    24.4;  19.4;  -0.50;  -999;   16.5;eor
  3137;19571101;19571130;   5;   1;    8.3;   6.0;    3.7;    1.70;  6.80;  -999;    15.8;  14.6;  -2.20;  -999;    6.3;eor
  3137;19571201;19571231;   5;   1;    3.5;   1.6;   -1.1;    1.00;  6.56;  -999;    47.6;  12.0;  -5.00;  -999;   10.0;eor
  3137;19580101;19580131;   5;   1;    3.6;   1.3;   -1.6;    1.30;  5.84;  -999;    50.2;  10.1; -10.50;  -999;   18.3;eor
  3137;19580201;19580228;   5;   1;    7.0;   3.9;    0.4;    1.40;  5.76;  -999;    63.0;  17.4;  -6.00;  -999;   15.1;eor
  3137;19580301;19580331;   5;   1;    6.3;   2.2;   -1.7;    1.00;  3.84;  -999;    15.7;  18.5;  -8.40;  -999;    3.9;eor
  3137;19580401;19580430;   5;   1;   13.0;   7.9;    2.3;    2.10;  4.16;  -999;    14.0;  19.6;  -4.00;  -999;    6.9;eor
  3137;19580501;19580531;   5;   1;   20.5;  15.0;    9.6;    1.60;  4.88;  -999;    98.2;  27.2;   2.00;  -999;   12.6;eor
  3137;19580601;19580630;   5;   1;   21.3;  16.3;   10.5;    1.50;  4.96;  -999;    84.9;  28.8;   7.20;  -999;   15.0;eor
  3137;19580701;19580731;   5;   1;   24.3;  18.5;   12.5;    1.50;  4.32;  -999;    33.9;  29.2;   8.80;  -999;    9.0;eor
  3137;19580801;19580831;   5;   1;   23.9;  18.5;   13.2;    1.20;  4.48;  -999;   167.8;  29.0;   7.80;  -999;   28.7;eor
  3137;19580901;19580930;   5;   1;   20.8;  15.9;   11.3;    1.80;  3.28;  -999;    45.2;  27.1;   7.50;  -999;   12.9;eor
  3137;19581001;19581031;   5;   1;   13.5;   9.7;    6.1;    1.40;  5.44;  -999;    41.7;  19.1;   0.50;  -999;   12.9;eor
  3137;19581101;19581130;   5;   1;    8.0;   6.2;    4.2;    1.60;  7.68;  -999;    26.7;  12.3;  -0.10;  -999;   10.2;eor
  3137;19581201;19581231;   5;   1;    5.7;   3.4;    0.9;    1.50;  6.32;  -999;    58.5;  10.6;  -6.00;  -999;    8.7;eor
  3137;19590101;19590131;   5;   1;    3.6;   0.9;   -2.3;    1.80;  5.76;  -999;    33.8;  13.2; -10.60;  -999;   19.0;eor
  3137;19590201;19590228;   5;   1;    4.3;   0.6;   -2.8;    1.40;  4.96;  -999;     0.0;  13.5;  -7.60;  -999;    0.0;eor
  3137;19590301;19590331;   5;   1;   12.9;   8.0;    3.1;    1.10;  4.00;  -999;    39.7;  19.5;  -2.40;  -999;    8.4;eor
  3137;19590401;19590430;   5;   1;   17.8;  11.4;    4.7;    1.50;  4.64;  -999;    29.8;  25.4;  -2.00;  -999;    9.1;eor
  3137;19590501;19590531;   5;   1;   21.3;  15.1;    9.0;    2.00;  3.76;  -999;    13.3;  28.4;   0.50;  -999;    8.8;eor
  3137;19590601;19590630;   5;   1;   24.8;  18.5;   11.3;    1.60;  3.68;  -999;    35.8;  30.3;   5.00;  -999;   12.2;eor
  3137;19590701;19590731;   5;   1;   29.0;  22.2;   14.1;    1.40;  2.64;  -999;    56.6;  37.7;   9.20;  -999;   19.4;eor
  3137;19590801;19590831;   5;   1;   25.4;  19.5;   13.4;    1.30;  3.52;  -999;    29.5;  31.5;   6.60;  -999;   16.4;eor
  3137;19590901;19590930;   5;   1;   23.1;  15.6;    8.4;    1.60;  1.20;  -999;     0.6;  28.7;   2.10;  -999;    0.6;eor
  3137;19591001;19591031;   5;   1;   16.0;   9.5;    3.4;    1.20;  3.04;  -999;    34.0;  24.3;  -0.60;  -999;   12.8;eor
  3137;19591101;19591130;   5;   1;    7.1;   4.4;    1.2;    0.30;  7.36;  -999;    24.3;  10.9;  -2.00;  -999;    6.0;eor
  3137;19591201;19591231;   5;   1;    6.5;   4.0;    1.0;    1.30;  7.60;  -999;    44.1;  11.9;  -4.50;  -999;   10.0;eor
  3137;19600101;19600131;   5;   1;    4.0;   1.4;   -2.0;    1.20;  6.80;  -999;    48.7;  10.4; -16.10;  -999;    8.8;eor
  3137;19600201;19600229;   5;   1;    5.6;   2.4;   -0.7;    1.00;  5.92;  -999;    20.7;  14.1;  -8.40;  -999;    7.7;eor
  3137;19600301;19600331;   5;   1;   11.0;   7.2;    3.3;    1.20;  5.60;  -999;    11.5;  18.4;  -1.70;  -999;    4.6;eor
  3137;19600401;19600430;   5;   1;   15.9;  10.2;    4.4;    1.90;  3.04;  -999;    20.1;  23.0;  -0.50;  -999;    5.5;eor
  3137;19600501;19600531;   5;   1;   21.3;  15.4;    8.6;    0.90;  4.24;  -999;    43.2;  26.4;  -1.50;  -999;   11.9;eor
  3137;19600601;19600630;   5;   1;   24.5;  18.5;   12.3;    1.50;  4.08;  -999;    28.3;  31.4;   6.40;  -999;   14.2;eor
  3137;19600701;19600731;   5;   1;   22.5;  16.9;   10.6;    1.30;  5.12;  -999;    76.5;  29.5;   5.60;  -999;   13.3;eor
  3137;19600801;19600831;   5;   1;   22.6;  16.8;   11.7;    1.00;  5.12;  -999;   128.0;  29.3;   7.00;  -999;   32.1;eor
  3137;19600901;19600930;   5;   1;   19.6;  13.8;    8.6;    0.70;  4.16;  -999;    37.4;  23.9;   1.20;  -999;   13.9;eor
  3137;19601001;19601031;   5;   1;   14.4;  10.5;    6.2;    1.00;  6.48;  -999;    90.6;  21.8;   0.50;  -999;    8.9;eor
  3137;19601101;19601130;   5;   1;   10.2;   7.2;    4.0;    0.90;  6.08;  -999;    37.1;  14.9;  -2.20;  -999;    8.9;eor
  3137;19601201;19601231;   5;   1;    4.5;   2.5;    0.2;    1.10;  7.20;  -999;    49.3;  11.5;  -4.10;  -999;   16.6;eor
  3137;19610101;19610131;   5;   1;    2.9;   1.0;   -1.6;    1.30;  6.00;  -999;    39.3;  10.7; -10.80;  -999;    6.8;eor
  3137;19610201;19610228;   5;   1;    8.9;   5.6;    2.0;    1.30;  5.44;  -999;    21.5;  17.1;  -1.20;  -999;    8.9;eor
  3137;19610301;19610331;   5;   1;   13.3;   7.8;    2.2;    1.30;  3.92;  -999;     5.4;  20.4;  -2.80;  -999;    2.8;eor
  3137;19610401;19610430;   5;   1;   17.2;  12.0;    5.3;    1.00;  6.32;  -999;    76.0;  25.9;   1.50;  -999;   15.5;eor
  3137;19610501;19610531;   5;   1;   18.0;  12.9;    6.8;    1.40;  4.64;  -999;    50.5;  24.9;   2.80;  -999;    8.4;eor
  3137;19610601;19610630;   5;   1;   23.2;  17.2;   11.2;    1.00;  4.32;  -999;   137.5;  31.5;   7.50;  -999;   41.7;eor
  3137;19610701;19610731;   5;   1;   22.4;  16.7;   10.6;    1.60;  4.48;  -999;    90.3;  32.9;   6.40;  -999;   23.8;eor
  3137;19610801;19610831;   5;   1;   24.2;  18.0;   11.7;    1.30;  4.56;  -999;    37.8;  30.9;   7.10;  -999;   15.0;eor
  3137;19610901;19610930;   5;   1;   24.1;  17.4;   11.8;    0.50;  3.60;  -999;    16.2;  31.1;   5.60;  -999;    8.7;eor
  3137;19611001;19611031;   5;   1;   15.7;  11.9;    7.8;    0.70;  5.36;  -999;    49.2;  22.0;   0.20;  -999;   11.1;eor
  3137;19611101;19611130;   5;   1;    6.8;   4.7;    1.9;    1.00;  5.92;  -999;    49.7;  13.9;  -4.00;  -999;    8.7;eor
  3137;19611201;19611231;   5;   1;    4.1;   1.2;   -2.3;    1.30;  5.36;  -999;    36.7;  16.3; -10.50;  -999;    7.0;eor
  3137;19620101;19620131;   5;   1;    5.5;   2.8;    0.0;    1.50;  5.92;  -999;    17.2;  12.3;  -8.00;  -999;    3.4;eor
  3137;19620201;19620228;   5;   1;    4.6;   1.8;   -1.7;    2.10;  5.36;  -999;    49.0;   9.9;  -9.00;  -999;   26.0;eor
  3137;19620301;19620331;   5;   1;    6.3;   2.7;   -1.5;    1.00;  4.16;  -999;    38.8;  12.5;  -7.40;  -999;   12.1;eor
  3137;19620401;19620430;   5;   1;   15.2;  10.4;    4.8;    2.00;  5.60;  -999;    25.8;  28.4;  -0.50;  -999;    8.0;eor
  3137;19620501;19620531;   5;   1;   17.4;  12.2;    6.1;    1.20;  5.04;  -999;    47.5;  26.5;  -0.30;  -999;   14.6;eor
  3137;19620601;19620630;   5;   1;   23.0;  17.5;    9.4;    1.30;  3.68;  -999;    12.1;  30.9;   2.30;  -999;   12.1;eor
  3137;19620701;19620731;   5;   1;   23.6;  18.4;   11.6;    1.00;  5.20;  -999;    16.1;  31.7;   5.60;  -999;    6.4;eor
  3137;19620801;19620831;   5;   1;   25.4;  19.4;   11.0;    1.00;  3.44;  -999;    57.9;  32.9;   7.00;  -999;   18.6;eor
  3137;19620901;19620930;   5;   1;   19.8;  14.8;    8.3;    1.20;  5.20;  -999;    30.9;  29.7;   4.00;  -999;    8.9;eor
  3137;19621001;19621031;   5;   1;   15.6;  10.7;    4.3;    0.70;  3.84;  -999;    10.5;  24.7;  -2.20;  -999;    5.0;eor
  3137;19621101;19621130;   5;   1;    5.6;   3.2;    0.6;    0.40;  6.80;  -999;    39.1;  15.4;  -3.60;  -999;    6.0;eor
  3137;19621201;19621231;   5;   1;    0.3;  -1.9;   -4.6;    1.30;  5.52;  -999;    67.9;  10.4; -12.50;  -999;   21.7;eor
  3137;19630101;19630131;   5;   1;   -2.7;  -4.9;   -7.9;    1.20;  5.36;  -999;    18.0;   2.6; -16.00;  -999;    5.2;eor
  3137;19630201;19630228;   5;   1;   -0.2;  -3.7;   -8.3;    1.10;  4.16;  -999;    13.5;   5.6; -17.50;  -999;    4.0;eor
  3137;19630301;19630331;   5;   1;    8.7;   4.2;   -0.5;    1.40;  5.20;  -999;    78.5;  13.2; -13.00;  -999;   17.2;eor
  3137;19630401;19630430;   5;   1;   16.3;  11.0;    5.6;    1.50;  5.20;  -999;    24.4;  22.4;  -2.50;  -999;    6.8;eor
  3137;19630501;19630531;   5;   1;   19.9;  14.1;    8.0;    1.50;  4.64;  -999;    18.1;  27.4;   0.50;  -999;    3.3;eor
  3137;19630601;19630630;   5;   1;   23.5;  17.2;   11.4;    1.20;  5.04;  -999;    34.7;  27.4;   8.50;  -999;    5.7;eor
  3137;19630701;19630731;   5;   1;   26.6;  20.0;   13.2;    1.30;  3.68;  -999;    50.5;  33.9;   7.50;  -999;   37.4;eor
  3137;19630801;19630831;   5;   1;   23.3;  17.3;   11.7;    1.10;  5.52;  -999;   122.0;  36.5;   5.50;  -999;   26.9;eor
  3137;19630901;19630930;   5;   1;   21.3;  15.5;   10.2;    1.00;  4.00;  -999;    37.4;  27.0;   3.50;  -999;   14.9;eor
  3137;19631001;19631031;   5;   1;   13.1;   8.5;    4.6;    0.90;  4.96;  -999;    35.3;  18.3;  -0.40;  -999;   18.4;eor
  3137;19631101;19631130;   5;   1;   11.3;   8.1;    4.6;    1.40;  6.08;  -999;    81.8;  15.9;   0.00;  -999;   32.2;eor
  3137;19631201;19631231;   5;   1;    0.6;  -1.8;   -4.7;    1.10;  5.28;  -999;     6.3;   5.9; -12.50;  -999;    2.6;eor
  3137;19640101;19640131;   5;   1;    0.9;  -1.3;   -3.8;    0.80;  6.24;  -999;    14.2;   5.9; -12.00;  -999;    6.9;eor
  3137;19640201;19640229;   5;   1;    5.8;   3.2;    0.1;    1.30;  5.12;  -999;    27.8;  10.4;  -5.50;  -999;    8.4;eor
  3137;19640301;19640331;   5;   1;    7.3;   3.4;   -0.2;    1.90;  5.60;  -999;    48.6;  14.1;  -6.00;  -999;   15.2;eor
  3137;19640401;19640430;   5;   1;   16.0;  10.4;    5.2;    1.20;  5.04;  -999;    50.8;  24.5;   0.80;  -999;    9.2;eor
  3137;19640501;19640531;   5;   1;   21.9;  15.5;    8.9;    1.10;  4.08;  -999;    53.7;  28.5;   3.60;  -999;   15.2;eor
  3137;19640601;19640630;   5;   1;   25.3;  18.9;   11.9;    1.70;  3.68;  -999;    27.4;  33.4;   4.90;  -999;    8.3;eor
  3137;19640701;19640731;   5;   1;   27.8;  20.7;   12.9;    1.60;  3.28;  -999;    34.8;  35.9;   5.40;  -999;   29.5;eor
  3137;19640801;19640831;   5;   1;   24.5;  18.4;   12.2;    1.70;  4.64;  -999;    26.6;  35.3;   6.20;  -999;    9.5;eor
  3137;19640901;19640930;   5;   1;   21.3;  15.0;    9.4;    1.60;  3.60;  -999;    46.1;  29.3;   4.00;  -999;   12.1;eor
  3137;19641001;19641031;   5;   1;   12.5;   8.3;    4.4;    1.50;  5.20;  -999;    38.5;  20.8;  -2.50;  -999;    8.4;eor
  3137;19641101;19641130;   5;   1;    9.0;   6.7;    3.9;    1.60;  6.40;  -999;    93.5;  13.4;  -1.30;  -999;   19.6;eor
  3137;19641201;19641231;   5;   1;    3.5;   1.7;   -1.2;    1.30;  6.48;  -999;    22.8;   8.9; -12.70;  -999;    7.2;eor
  3137;19650101;19650131;   5;   1;    4.5;   2.7;    0.5;    1.30;  6.72;  -999;    95.3;  10.9;  -3.50;  -999;   18.1;eor
  3137;19650201;19650228;   5;   1;    3.2;   0.7;   -2.1;    1.60;  6.32;  -999;    11.3;   6.2;  -8.40;  -999;    2.6;eor
  3137;19650301;19650331;   5;   1;    9.5;   5.1;    0.6;    1.20;  6.40;  -999;    58.3;  19.4; -10.00;  -999;   12.2;eor
  3137;19650401;19650430;   5;   1;   13.8;   8.7;    4.0;    1.50;  5.76;  -999;    98.6;  20.9;  -0.50;  -999;   14.6;eor
  3137;19650501;19650531;   5;   1;   19.1;  13.6;    7.9;    1.90;  4.88;  -999;    70.2;  28.0;   0.60;  -999;   13.0;eor
  3137;19650601;19650630;   5;   1;   22.4;  17.4;   11.9;    2.00;  5.36;  -999;   128.4;  30.1;   6.20;  -999;   29.9;eor
  3137;19650701;19650731;   5;   1;   22.8;  16.7;   11.7;    1.70;  6.16;  -999;   107.5;  31.9;   8.40;  -999;   21.6;eor
  3137;19650801;19650831;   5;   1;   22.9;  16.4;   10.9;    1.50;  4.56;  -999;    62.9;  28.6;   6.20;  -999;   18.6;eor
  3137;19650901;19650930;   5;   1;   18.6;  13.1;    8.9;    1.40;  5.12;  -999;    57.1;  24.0;   4.80;  -999;   12.4;eor
  3137;19651001;19651031;   5;   1;   13.3;   8.7;    4.3;    1.60;  3.52;  -999;     6.6;  20.4;  -2.00;  -999;    4.5;eor
  3137;19651101;19651130;   5;   1;    5.7;   3.1;    0.4;    2.00;  6.32;  -999;    94.4;  14.7;  -7.50;  -999;   19.0;eor
  3137;19651201;19651231;   5;   1;    6.4;   4.1;    1.4;    1.60;  6.72;  -999;   124.9;  12.8;  -3.50;  -999;   20.7;eor
  3137;19660101;19660131;   5;   1;    1.5;  -0.8;   -3.2;    1.40;  5.68;  -999;    28.4;  11.8; -13.40;  -999;   10.6;eor
  3137;19660201;19660228;   5;   1;    9.7;   6.7;    3.7;    1.30;  6.88;  -999;    50.9;  16.0;  -0.90;  -999;    7.2;eor
  3137;19660301;19660331;   5;   1;    9.8;   5.4;    1.0;    2.10;  5.68;  -999;    37.7;  15.0;  -4.00;  -999;    7.5;eor
  3137;19660401;19660430;   5;   1;   16.2;  11.1;    6.4;    1.50;  5.84;  -999;    63.9;  22.5;   0.00;  -999;    9.2;eor
  3137;19660501;19660531;   5;   1;   21.1;  15.4;    9.2;    1.90;  4.48;  -999;    33.2;  28.4;   3.00;  -999;    7.3;eor
  3137;19660601;19660630;   5;   1;   24.0;  18.4;   12.7;    1.70;  5.04;  -999;   130.7;  31.2;   6.90;  -999;   35.9;eor
  3137;19660701;19660731;   5;   1;   21.9;  17.0;   11.9;    1.30;  6.08;  -999;    90.4;  28.4;   7.30;  -999;   16.5;eor
  3137;19660801;19660831;   5;   1;   22.7;  17.4;   12.8;    1.70;  5.44;  -999;    60.9;  34.5;   6.80;  -999;   22.7;eor
  3137;19660901;19660930;   5;   1;   21.0;  15.0;   10.0;    1.40;  4.00;  -999;    17.5;  27.6;   4.20;  -999;    6.1;eor
  3137;19661001;19661031;   5;   1;   15.9;  12.2;    9.3;    1.40;  6.16;  -999;    92.2;  25.0;  -1.10;  -999;   29.3;eor
  3137;19661101;19661130;   5;   1;    5.3;   3.1;    0.7;    1.20;  6.64;  -999;    68.1;  12.8;  -2.80;  -999;   14.2;eor
  3137;19661201;19661231;   5;   1;    5.7;   3.3;    0.6;    1.80;  6.56;  -999;    79.9;  10.9;  -3.60;  -999;   13.4;eor
  3137;19670101;19670131;   5;   1;    4.6;   2.3;   -0.4;    1.40;  6.00;  -999;    15.3;  11.8; -10.20;  -999;    4.0;eor
  3137;19670201;19670228;   5;   1;    8.0;   4.4;    1.2;    1.80;  5.12;  -999;    39.6;  14.3;  -4.90;  -999;    9.8;eor
  3137;19670301;19670331;   5;   1;   11.7;   7.2;    2.9;    1.70;  5.20;  -999;    35.0;  16.2;  -1.00;  -999;   11.4;eor
  3137;19670401;19670430;   5;   1;   14.3;   9.1;    3.6;    1.70;  4.48;  -999;    47.2;  22.3;  -2.00;  -999;   21.4;eor
  3137;19670501;19670531;   5;   1;   20.2;  14.5;    8.4;    1.90;  4.48;  -999;    70.0;  28.5;   0.00;  -999;   21.2;eor
  3137;19670601;19670630;   5;   1;   22.5;  17.1;   11.2;    1.70;  4.56;  -999;    32.1;  31.3;   5.50;  -999;    5.7;eor
  3137;19670701;19670731;   5;   1;   27.3;  21.0;   14.7;    1.40;  3.60;  -999;    52.1;  33.3;  10.90;  -999;   18.6;eor
  3137;19670801;19670831;   5;   1;   24.3;  18.3;   13.1;    1.60;  4.56;  -999;    73.3;  30.5;   8.60;  -999;   24.1;eor
  3137;19670901;19670930;   5;   1;   19.8;  14.5;   10.5;    1.30;  5.76;  -999;   104.6;  26.1;   6.50;  -999;   47.1;eor
  3137;19671001;19671031;   5;   1;   16.1;  11.6;    8.3;    1.70;  5.68;  -999;    76.7;  21.1;   0.60;  -999;   24.8;eor
  3137;19671101;19671130;   5;   1;    7.0;   4.2;    1.5;    1.60;  5.60;  -999;    54.1;  12.3;  -3.00;  -999;   11.5;eor
  3137;19671201;19671231;   5;   1;    3.3;   1.5;   -1.0;    1.50;  6.64;  -999;    57.2;  10.7;  -8.50;  -999;   16.4;eor
  3137;19680101;19680131;   5;   1;    3.1;   0.8;   -2.0;    1.80;  6.64;  -999;    56.2;  10.7; -15.70;  -999;   15.2;eor
  3137;19680201;19680229;   5;   1;    5.3;   2.6;    0.1;    1.30;  6.40;  -999;    68.4;   9.7;  -6.10;  -999;   12.6;eor
  3137;19680301;19680331;   5;   1;   11.2;   6.4;    1.8;    1.70;  4.80;  -999;    27.7;  25.2;  -3.50;  -999;    6.8;eor
  3137;19680401;19680430;   5;   1;   16.8;  11.1;    5.9;    1.60;  3.52;  -999;    63.1;  28.9;  -1.00;  -999;   19.8;eor
  3137;19680501;19680531;   5;   1;   18.3;  13.0;    8.2;    2.10;  5.20;  -999;    49.1;  25.9;   2.60;  -999;   10.8;eor
  3137;19680601;19680630;   5;   1;   22.6;  17.5;   12.5;    1.90;  5.36;  -999;    58.0;  28.0;   7.50;  -999;   14.8;eor
  3137;19680701;19680731;   5;   1;   23.8;  18.4;   12.8;    1.90;  4.96;  -999;    53.8;  31.4;   7.50;  -999;   17.0;eor
  3137;19680801;19680831;   5;   1;   22.2;  17.2;   13.5;    1.40;  5.76;  -999;   196.4;  27.3;   7.80;  -999;   38.7;eor
  3137;19680901;19680930;   5;   1;   19.0;  14.7;   11.2;    1.30;  5.60;  -999;    85.2;  24.8;   8.00;  -999;   12.3;eor
  3137;19681001;19681031;   5;   1;   14.2;  11.0;    8.6;    1.50;  6.40;  -999;    42.8;  20.3;   2.20;  -999;    8.9;eor
  3137;19681101;19681130;   5;   1;    6.4;   4.5;    2.8;    1.60;  6.72;  -999;    19.4;  16.3;  -1.80;  -999;    5.5;eor
  3137;19681201;19681231;   5;   1;    1.5;  -0.1;   -1.9;    1.40;  6.48;  -999;    37.6;   7.4;  -8.50;  -999;   10.8;eor
  3137;19690101;19690131;   5;   1;    4.2;   2.2;    0.3;    1.20;  7.20;  -999;    23.3;  10.5;  -4.10;  -999;    3.2;eor
  3137;19690201;19690228;   5;   1;    2.0;  -0.6;   -3.4;    1.30;  5.60;  -999;    51.0;   7.9; -14.30;  -999;    9.0;eor
  3137;19690301;19690331;   5;   1;    7.5;   4.2;    1.1;    2.00;  5.68;  -999;    44.8;  14.4;  -3.30;  -999;   10.7;eor
  3137;19690401;19690430;   5;   1;   14.0;   9.5;    5.4;    2.30;  5.04;  -999;    43.3;  23.5;  -1.00;  -999;   11.4;eor
  3137;19690501;19690531;   5;   1;   20.3;  14.8;    9.9;    2.10;  5.04;  -999;    79.9;  29.5;   3.80;  -999;   18.0;eor
  3137;19690601;19690630;   5;   1;   21.2;  16.6;   12.0;    2.20;  5.68;  -999;    50.8;  27.4;   7.30;  -999;   14.2;eor
  3137;19690701;19690731;   5;   1;   25.7;  20.2;   15.3;    1.80;  4.56;  -999;    51.7;  32.2;   8.00;  -999;   13.3;eor
  3137;19690801;19690831;   5;   1;   23.4;  18.1;   14.2;    1.90;  4.88;  -999;   121.8;  30.5;   8.60;  -999;   31.3;eor
  3137;19690901;19690930;   5;   1;   20.5;  15.2;   10.8;    1.50;  3.92;  -999;     8.5;  25.6;   4.90;  -999;    4.8;eor
  3137;19691001;19691031;   5;   1;   13.7;  10.1;    7.1;    1.20;  5.76;  -999;     8.9;  20.1;   3.60;  -999;    3.2;eor
  3137;19691101;19691130;   5;   1;    8.9;   6.1;    3.3;    2.00;  5.92;  -999;    63.9;  15.6;  -2.70;  -999;   14.5;eor
  3137;19691201;19691231;   5;   1;   -0.3;  -2.0;   -4.1;    1.20;  7.04;  -999;    26.8;   3.7; -13.00;  -999;    5.9;eor
  3137;19700101;19700131;   5;   1;    1.3;  -0.2;   -2.0;    1.30;  7.52;  -999;    58.1;   6.7;  -7.50;  -999;   14.6;eor
  3137;19700201;19700228;   5;   1;    3.8;   1.1;   -1.4;    1.90;  6.32;  -999;    97.4;  10.3; -10.50;  -999;   17.2;eor
  3137;19700301;19700331;   5;   1;    7.6;   3.8;    0.8;    2.00;  5.36;  -999;    39.9;  15.5;  -5.70;  -999;    8.8;eor
  3137;19700401;19700430;   5;   1;   11.9;   7.8;    4.2;    2.00;  5.68;  -999;    55.0;  24.1;  -1.90;  -999;   12.4;eor
  3137;19700501;19700531;   5;   1;   18.3;  13.7;    9.4;    2.00;  5.60;  -999;    86.0;  25.6;   1.90;  -999;   19.3;eor
  3137;19700601;19700630;   5;   1;   24.9;  19.3;   13.9;    1.90;  3.68;  -999;    69.4;  31.2;   7.30;  -999;   30.5;eor
  3137;19700701;19700731;   5;   1;   22.6;  17.4;   12.7;    2.10;  5.44;  -999;   102.3;  29.0;   6.80;  -999;   27.0;eor
  3137;19700801;19700831;   5;   1;   24.5;  18.8;   14.2;    1.40;  4.64;  -999;    26.9;  30.4;   8.50;  -999;    8.8;eor
  3137;19700901;19700930;   5;   1;   20.2;  14.8;   10.3;    1.60;  3.92;  -999;    53.2;  24.4;   5.00;  -999;   15.7;eor
  3137;19701001;19701031;   5;   1;   13.9;  10.5;    7.7;    2.40;  5.76;  -999;    34.5;  21.2;  -0.70;  -999;    7.8;eor
  3137;19701101;19701130;   5;   1;    8.8;   6.3;    3.9;    1.80;  6.08;  -999;    28.3;  16.0;  -1.20;  -999;    5.5;eor
  3137;19701201;19701231;   5;   1;    3.6;   1.8;   -0.1;    1.40;  6.48;  -999;    46.8;  11.0; -10.10;  -999;   11.5;eor
  3137;19710101;19710131;   5;   1;    1.9;  -0.5;   -3.2;    1.20;  6.08;  -999;    28.6;   9.4; -13.00;  -999;    6.6;eor
  3137;19710201;19710228;   5;   1;    5.8;   3.3;    0.7;    1.40;  6.32;  -999;    12.2;   8.9;  -6.10;  -999;    5.5;eor
  3137;19710301;19710331;   5;   1;    6.9;   3.3;   -0.2;    1.70;  5.68;  -999;    15.4;  13.6;  -9.20;  -999;    3.6;eor
  3137;19710401;19710430;   5;   1;   17.3;  11.8;    6.9;    1.80;  3.28;  -999;    31.0;  25.5;   0.90;  -999;   12.0;eor
  3137;19710501;19710531;   5;   1;   21.6;  16.7;   12.7;    1.70;  4.88;  -999;    77.4;  28.8;   5.00;  -999;   24.7;eor
  3137;19710601;19710630;   5;   1;   20.5;  16.0;   12.6;    1.50;  5.68;  -999;   113.3;  26.5;   9.10;  -999;   23.7;eor
  3137;19710701;19710731;   5;   1;   26.2;  20.9;   15.8;    1.20;  2.96;  -999;    15.1;  33.0;   9.50;  -999;    3.8;eor
  3137;19710801;19710831;   5;   1;   25.3;  20.0;   14.5;    1.80;  4.08;  -999;    63.5;  33.0;  10.00;  -999;   19.4;eor
  3137;19710901;19710930;   5;   1;   19.9;  14.7;    8.6;    1.40;  3.92;  -999;    20.4;  26.0;   3.50;  -999;    8.6;eor
  3137;19711001;19711031;   5;   1;   15.7;  10.2;    5.7;    1.90;  2.80;  -999;    16.8;  21.0;   0.00;  -999;    8.6;eor
  3137;19711101;19711130;   5;   1;    7.7;   4.8;    1.7;    1.50;  5.28;  -999;    53.9;  14.5;  -4.80;  -999;   23.7;eor
  3137;19711201;19711231;   5;   1;    6.2;   4.3;    2.0;    1.30;  6.56;  -999;    11.8;  13.5;  -4.00;  -999;    7.2;eor
  3137;19720101;19720131;   5;   1;    2.0;   0.0;   -1.6;    1.40;  6.24;  -999;    25.5;   6.6; -10.50;  -999;    5.5;eor
  3137;19720201;19720229;   5;   1;    6.5;   4.1;    1.2;    1.20;  6.24;  -999;     7.2;  10.5; -10.40;  -999;    3.9;eor
  3137;19720301;19720331;   5;   1;   12.7;   7.3;    1.9;    1.50;  3.36;  -999;    36.5;  20.5;  -5.00;  -999;   14.7;eor
  3137;19720401;19720430;   5;   1;   13.7;   9.5;    5.3;    1.50;  5.04;  -999;    47.7;  22.5;  -1.00;  -999;    9.4;eor
  3137;19720501;19720531;   5;   1;   17.7;  13.0;    8.2;    1.50;  5.60;  -999;    71.9;  24.8;   4.00;  -999;   21.4;eor
  3137;19720601;19720630;   5;   1;   20.9;  16.2;   10.2;    1.10;  5.20;  -999;    81.1;  29.0;   6.50;  -999;   23.5;eor
  3137;19720701;19720731;   5;   1;   25.0;  19.9;   14.2;    1.20;  4.56;  -999;    55.1;  33.1;   8.00;  -999;   13.5;eor
  3137;19720801;19720831;   5;   1;   23.2;  18.0;   13.7;    1.40;  4.72;  -999;    62.0;  31.0;   9.50;  -999;   18.1;eor
  3137;19720901;19720930;   5;   1;   18.1;  12.8;    7.8;    1.30;  4.40;  -999;    30.8;  25.5;   2.00;  -999;   15.7;eor
  3137;19721001;19721031;   5;   1;   14.1;   8.8;    4.6;    1.50;  2.48;  -999;    18.7;  20.5;  -2.00;  -999;    8.5;eor
  3137;19721101;19721130;   5;   1;    7.1;   4.8;    2.6;    1.40;  6.72;  -999;    89.5;  13.0;  -2.40;  -999;   36.0;eor
  3137;19721201;19721231;   5;   1;    3.8;   1.3;   -1.1;    1.50;  5.36;  -999;     4.6;  11.0;  -8.40;  -999;    2.6;eor
  3137;19730101;19730131;   5;   1;    3.1;   1.2;   -0.8;    1.20;  6.72;  -999;    20.5;   8.0;  -9.80;  -999;    5.4;eor
  3137;19730201;19730228;   5;   1;    5.5;   2.7;    0.4;    1.70;  5.76;  -999;    13.5;   8.0;  -3.50;  -999;    2.7;eor
  3137;19730301;19730331;   5;   1;   11.1;   6.4;    2.0;    1.60;  4.48;  -999;     0.5;  19.4;  -4.10;  -999;    0.3;eor
  3137;19730401;19730430;   5;   1;   12.2;   7.9;    3.8;    2.00;  5.36;  -999;    23.5;  21.1;  -1.10;  -999;    3.5;eor
  3137;19730501;19730531;   5;   1;   20.0;  15.0;   10.2;    1.60;  4.24;  -999;    64.5;  25.9;   3.20;  -999;   23.1;eor
  3137;19730601;19730630;   5;   1;   24.4;  19.1;   13.2;    1.60;  4.24;  -999;    22.5;  32.5;   7.40;  -999;    8.9;eor
  3137;19730701;19730731;   5;   1;   24.8;  20.0;   15.1;    1.40;  4.80;  -999;    65.5;  32.6;  10.10;  -999;   10.7;eor
  3137;19730801;19730831;   5;   1;   27.0;  20.9;   15.2;    1.60;  2.96;  -999;    15.4;  32.5;   9.00;  -999;    4.3;eor
  3137;19730901;19730930;   5;   1;   22.4;  16.6;   11.6;    1.60;  3.68;  -999;    33.6;  32.5;   5.50;  -999;   12.8;eor
  3137;19731001;19731031;   5;   1;   13.3;   9.2;    5.8;    1.90;  4.96;  -999;    53.5;  21.2;  -1.20;  -999;   20.8;eor
  3137;19731101;19731130;   5;   1;    7.9;   4.9;    2.3;    2.00;  5.76;  -999;    50.5;  14.2;  -6.00;  -999;   10.1;eor
  3137;19731201;19731231;   5;   1;    3.9;   1.5;   -0.6;    2.00;  6.08;  -999;    42.4;  10.0; -13.90;  -999;    5.3;eor
  3137;19740101;19740131;   5;   1;    7.0;   4.8;    2.7;    1.80;  6.32;  -999;    31.9;  13.2;  -0.50;  -999;    6.4;eor
  3137;19740201;19740228;   5;   1;    7.9;   5.1;    2.4;    2.30;  5.92;  -999;    41.5;  15.1;  -1.50;  -999;   14.2;eor
  3137;19740301;19740331;   5;   1;   11.4;   7.9;    4.4;    1.90;  5.68;  -999;    50.8;  21.0;  -2.20;  -999;   10.8;eor
  3137;19740401;19740430;   5;   1;   16.4;  11.2;    5.9;    1.80;  2.48;  -999;    15.5;  23.1;   1.30;  -999;    5.6;eor
  3137;19740501;19740531;   5;   1;   18.2;  13.4;    8.0;    1.50;  4.00;  -999;    62.9;  25.8;   1.90;  -999;   16.7;eor
  3137;19740601;19740630;   5;   1;   21.6;  16.5;   11.1;    1.40;  4.32;  -999;    55.9;  28.0;   6.90;  -999;   10.5;eor
  3137;19740701;19740731;   5;   1;   22.5;  17.6;   12.6;    1.90;  5.04;  -999;    64.8;  30.0;   7.80;  -999;   22.2;eor
  3137;19740801;19740831;   5;   1;   25.0;  19.1;   14.1;    1.70;  3.92;  -999;    43.7;  36.4;  10.20;  -999;    9.6;eor
  3137;19740901;19740930;   5;   1;   20.0;  14.8;   10.4;    2.00;  4.64;  -999;    46.9;  27.9;   4.40;  -999;   13.5;eor
  3137;19741001;19741031;   5;   1;    9.6;   6.6;    4.5;    1.90;  6.96;  -999;   107.9;  13.5;  -0.60;  -999;   15.0;eor
  3137;19741101;19741130;   5;   1;    8.6;   5.9;    3.4;    1.60;  6.48;  -999;    49.5;  17.5;  -2.60;  -999;   12.8;eor
  3137;19741201;19741231;   5;   1;    8.6;   6.5;    4.3;    2.40;  6.88;  -999;    58.8;  14.2;  -1.60;  -999;    9.8;eor
  3137;19750101;19750131;   5;   1;    7.9;   5.4;    2.9;    1.90;  6.08;  -999;    61.8;  12.1;  -2.50;  -999;   13.6;eor
  3137;19750201;19750228;   5;   1;    7.4;   3.3;    0.1;    1.90;  2.80;  -999;    19.8;  13.1;  -3.40;  -999;    8.6;eor
  3137;19750301;19750331;   5;   1;    9.1;   5.3;    2.2;    1.80;  5.92;  -999;    51.1;  14.5;  -2.20;  -999;   13.5;eor
  3137;19750401;19750430;   5;   1;   13.5;   9.4;    5.6;    1.80;  4.64;  -999;    58.1;  25.0;  -1.40;  -999;   19.3;eor
  3137;19750501;19750531;   5;   1;   19.0;  13.9;    8.7;    2.00;  4.24;  -999;    32.3;  25.5;   3.60;  -999;   13.2;eor
  3137;19750601;19750630;   5;   1;   22.1;  17.5;   12.5;    1.90;  4.80;  -999;    64.5;  29.0;   4.40;  -999;   26.9;eor
  3137;19750701;19750731;   5;   1;   25.9;  20.9;   15.1;    1.60;  3.84;  -999;    67.6;  33.0;  10.00;  -999;   19.4;eor
  3137;19750801;19750831;   5;   1;   26.9;  21.3;   16.2;    1.80;  3.36;  -999;    75.8;  32.5;  12.20;  -999;   21.8;eor
  3137;19750901;19750930;   5;   1;   22.2;  16.8;   12.4;    1.70;  4.56;  -999;    47.1;  27.5;   8.00;  -999;   12.0;eor
  3137;19751001;19751031;   5;   1;   11.6;   8.6;    6.3;    2.00;  6.40;  -999;    25.6;  19.8;   0.50;  -999;    4.8;eor
  3137;19751101;19751130;   5;   1;    7.1;   4.5;    2.1;    1.90;  6.08;  -999;    57.8;  13.5;  -5.60;  -999;   21.8;eor
  3137;19751201;19751231;   5;   1;    4.2;   2.2;    0.2;    1.90;  6.40;  -999;    11.8;   9.5;  -8.80;  -999;    9.0;eor
  3137;19760101;19760131;   5;   1;    5.9;   3.7;    1.4;    3.10;  6.80;  -999;    68.3;  10.6; -12.60;  -999;    8.5;eor
  3137;19760201;19760229;   5;   1;    4.8;   2.3;    0.1;    1.90;  6.32;  -999;    24.0;  13.6;  -4.40;  -999;    9.8;eor
  3137;19760301;19760331;   5;   1;    8.8;   4.4;    0.5;    2.30;  3.52;  -999;    12.9;  19.4;  -7.00;  -999;    6.0;eor
  3137;19760401;19760430;   5;   1;   15.1;   9.8;    4.5;    2.10;  3.28;  -999;    15.6;  23.5;  -1.60;  -999;    7.4;eor
  3137;19760501;19760531;   5;   1;   21.7;  15.7;    9.3;    2.00;  3.68;  -999;    16.6;  30.5;   1.00;  -999;    3.6;eor
  3137;19760601;19760630;   5;   1;   26.7;  21.5;   14.6;    2.10;  2.80;  -999;    10.2;  34.2;   7.50;  -999;    9.0;eor
  3137;19760701;19760731;   5;   1;   28.3;  22.6;   16.4;    2.00;  3.92;  -999;    44.5;  35.5;   8.90;  -999;   16.9;eor
  3137;19760801;19760831;   5;   1;   25.2;  19.6;   13.4;    2.00;  3.92;  -999;     6.4;  30.0;   8.10;  -999;    2.8;eor
  3137;19760901;19760930;   5;   1;   19.4;  14.5;   10.4;    1.80;  5.12;  -999;    46.2;  24.0;   5.50;  -999;   10.9;eor
  3137;19761001;19761031;   5;   1;   14.9;  10.8;    7.9;    1.80;  5.20;  -999;    43.1;  24.5;   1.50;  -999;   13.4;eor
  3137;19761101;19761130;   5;   1;    8.5;   6.3;    4.1;    2.10;  6.56;  -999;    48.4;  13.5;  -1.80;  -999;    9.4;eor
  3137;19761201;19761231;   5;   1;    2.7;   0.4;   -1.5;    2.00;  5.52;  -999;    32.0;  11.8; -10.50;  -999;    7.0;eor
  3137;19770101;19770131;   5;   1;    4.4;   2.4;    0.8;    1.80;  6.64;  -999;    52.3;  12.0;  -3.10;  -999;    9.8;eor
  3137;19770201;19770228;   5;   1;    8.1;   5.4;    2.6;    1.90;  6.00;  -999;   102.2;  13.2;  -3.60;  -999;   18.4;eor
  3137;19770301;19770331;   5;   1;   12.7;   8.1;    3.9;    2.10;  4.40;  -999;    31.7;  19.0;  -4.60;  -999;    6.5;eor
  3137;19770401;19770430;   5;   1;   11.9;   7.8;    3.4;    2.70;  5.12;  -999;    43.8;  21.5;  -2.60;  -999;   10.4;eor
  3137;19770501;19770531;   5;   1;   18.5;  13.8;    8.8;    2.70;  3.92;  -999;    24.6;  26.8;   3.50;  -999;    6.9;eor
  3137;19770601;19770630;   5;   1;   21.6;  17.4;   13.0;    2.00;  5.20;  -999;    61.0;  32.5;   7.00;  -999;   11.9;eor
  3137;19770701;19770731;   5;   1;   23.9;  19.1;   13.7;    2.20;  4.16;  -999;    39.4;  31.0;   8.60;  -999;   18.8;eor
  3137;19770801;19770831;   5;   1;   22.7;  17.9;   13.6;    1.80;  4.88;  -999;   107.6;  29.0;  11.20;  -999;   19.4;eor
  3137;19770901;19770930;   5;   1;   19.1;  14.0;   10.0;    2.10;  4.40;  -999;    13.5;  26.5;   5.80;  -999;   10.4;eor
  3137;19771001;19771031;   5;   1;   14.7;  10.9;    7.7;    1.80;  6.32;  -999;    50.5;  21.6;   3.80;  -999;   20.6;eor
  3137;19771101;19771130;   5;   1;    9.3;   6.3;    3.7;    3.10;  5.92;  -999;    81.2;  17.5;  -6.40;  -999;   12.3;eor
  3137;19771201;19771231;   5;   1;    4.6;   2.9;    1.3;    2.50;  6.72;  -999;    59.7;  14.2;  -4.90;  -999;   13.4;eor
  3137;19780101;19780131;   5;   1;    4.5;   2.4;    0.7;    2.40;  6.08;  -999;    25.4;   8.8;  -3.20;  -999;    4.2;eor
  3137;19780201;19780228;   5;   1;    3.2;   0.8;   -1.7;    2.20;  6.48;  -999;    39.6;  13.8; -10.50;  -999;   11.3;eor
  3137;19780301;19780331;   5;   1;   10.9;   7.1;    3.8;    2.80;  5.68;  -999;    70.1;  18.5;  -1.50;  -999;   15.0;eor
  3137;19780401;19780430;   5;   1;   14.8;   9.7;    4.9;    2.50;  3.20;  -999;    40.2;  21.0;  -1.00;  -999;   16.5;eor
  3137;19780501;19780531;   5;   1;   17.7;  13.6;    9.4;    1.90;  5.04;  -999;   214.3;  28.0;   3.50;  -999;   81.5;eor
  3137;19780601;19780630;   5;   1;   21.6;  16.7;   11.5;    2.30;  4.72;  -999;    37.2;  29.4;   7.00;  -999;    6.1;eor
  3137;19780701;19780731;   5;   1;   22.2;  17.4;   11.9;    2.10;  4.80;  -999;    77.1;  31.1;   6.80;  -999;   10.7;eor
  3137;19780801;19780831;   5;   1;   22.7;  17.0;   11.9;    2.20;  4.24;  -999;    14.2;  31.2;   4.50;  -999;    3.8;eor
  3137;19780901;19780930;   5;   1;   19.3;  14.3;    9.8;    2.50;  4.88;  -999;    54.6;  26.0;   4.80;  -999;   16.2;eor
  3137;19781001;19781031;   5;   1;   13.7;   9.7;    6.1;    1.70;  5.52;  -999;    17.6;  21.6;  -0.60;  -999;    8.0;eor
  3137;19781101;19781130;   5;   1;    6.6;   4.2;    1.9;    1.50;  6.40;  -999;    10.6;  12.5;  -4.50;  -999;    6.9;eor
  3137;19781201;19781231;   5;   1;    5.0;   2.6;   -0.2;    2.40;  5.60;  -999;   106.1;  12.3;  -9.50;  20.0;   22.7;eor
  3137;19790101;19790131;   5;   1;   -0.8;  -3.3;   -6.2;    2.20;  5.04;  -999;    28.1;   4.2; -16.80;  14.4;    3.8;eor
  3137;19790201;19790228;   5;   1;    3.4;   1.1;   -1.3;    1.70;  5.52;  -999;    42.0;   7.5;  -5.00;  14.0;    9.6;eor
  3137;19790301;19790331;   5;   1;    9.4;   6.2;    3.4;    2.40;  6.08;  -999;    67.8;  13.5;  -2.50;  16.8;   12.9;eor
  3137;19790401;19790430;   5;   1;   12.7;   8.5;    4.5;    2.10;  5.12;  -999;    49.7;  21.5;  -1.00;  14.4;    8.9;eor
  3137;19790501;19790531;   5;   1;   19.2;  14.1;    8.3;    2.10;  3.76;  -999;    61.8;  32.0;  -0.50;  18.4;   13.8;eor
  3137;19790601;19790630;   5;   1;   23.4;  18.7;   13.7;    2.00;  4.64;  -999;    82.8;  31.5;   7.50;  15.0;   20.0;eor
  3137;19790701;19790731;   5;   1;   22.9;  18.3;   13.2;    2.00;  5.76;  -999;    59.4;  30.5;   7.80;  13.4;   28.3;eor
  3137;19790801;19790831;   5;   1;   21.4;  16.5;   11.6;    1.80;  4.80;  -999;    60.6;  28.9;   6.00;  11.2;   30.0;eor
  3137;19790901;19790930;   5;   1;   21.0;  15.2;   10.1;    1.50;  4.08;  -999;    17.3;  27.8;   2.50;  11.8;   10.8;eor
  3137;19791001;19791031;   5;   1;   15.1;  10.6;    7.2;    1.70;  4.32;  -999;    44.1;  23.8;   1.20;  12.2;   17.7;eor
  3137;19791101;19791130;   5;   1;    7.3;   4.8;    2.3;    1.80;  6.32;  -999;    73.6;  14.4;  -2.80;  18.0;   21.3;eor
  3137;19791201;19791231;   5;   1;    7.6;   5.2;    3.0;    2.50;  6.64;  -999;   111.0;  14.8;  -2.80;  21.7;   28.2;eor
  3137;19800101;19800131;   5;   1;    1.9;  -0.1;   -2.3;    1.90;  5.68;  -999;    33.9;   9.4;  -9.90;  17.2;   11.0;eor
  3137;19800201;19800229;   5;   1;    8.5;   4.8;    1.6;    1.70;  5.20;  -999;    38.3;  12.5;  -2.40;  17.1;   12.4;eor
  3137;19800301;19800331;   5;   1;    9.9;   6.4;    3.0;    2.10;  6.24;  -999;    45.7;  17.0;  -1.50;  18.6;   13.9;eor
  3137;19800401;19800430;   5;   1;   13.3;   8.7;    3.8;    2.10;  4.48;  -999;    36.7;  24.0;   0.80;  21.1;   15.9;eor
  3137;19800501;19800531;   5;   1;   18.4;  13.6;    8.1;    2.10;  3.68;  -999;    53.3;  23.6;   4.20;  15.2;   25.1;eor
  3137;19800601;19800630;   5;   1;   20.4;  16.4;   11.9;    1.60;  5.92;  -999;    91.5;  30.0;   8.00;  14.0;   12.9;eor
  3137;19800701;19800731;   5;   1;   20.7;  16.7;   12.3;    1.60;  5.68;  -999;   121.6;  29.5;   7.00;  17.0;   25.5;eor
  3137;19800801;19800831;   5;   1;   23.9;  19.0;   13.8;    1.80;  4.64;  -999;    35.7;  31.5;   7.40;  13.7;    9.8;eor
  3137;19800901;19800930;   5;   1;   21.1;  15.8;   10.8;    1.50;  4.48;  -999;    20.7;  26.5;   6.00;  14.8;    6.3;eor
  3137;19801001;19801031;   5;   1;   13.0;   8.9;    5.5;    1.70;  5.60;  -999;    36.7;  19.0;  -0.80;  16.9;    8.0;eor
  3137;19801101;19801130;   5;   1;    7.1;   4.2;    1.6;    2.20;  5.92;  -999;    40.8;  14.8;  -3.60;  16.9;    9.8;eor
  3137;19801201;19801231;   5;   1;    4.1;   1.9;   -0.4;    1.70;  6.00;  -999;    39.6;  11.8;  -7.20;  15.1;    7.2;eor
  3137;19810101;19810131;  10;   1;    2.5;  -0.1;   -2.3;    1.90;  5.76;  -999;    76.3;  10.2;  -9.00;  19.2;   15.8;eor
  3137;19810201;19810228;  10;   1;    3.7;   1.1;   -1.3;    1.90;  5.52;  -999;     6.6;  10.4;  -6.00;  16.1;    3.2;eor
  3137;19810301;19810331;  10;   1;   12.7;   8.9;    5.5;    2.10;  6.00;  -999;    81.9;  20.6;  -1.20;  18.3;   13.0;eor
  3137;19810401;19810430;  10;   1;   15.3;  10.5;    6.0;    1.90;  4.72;  -999;    77.5;  23.2;  -0.40;  12.5;   31.4;eor
  3137;19810501;19810531;  10;   1;   19.4;  14.6;    9.0;    1.60;  5.04;  -999;    62.0;  29.0;   1.50;  12.9;    9.8;eor
  3137;19810601;19810630;  10;   1;   22.1;  17.1;   12.3;    2.20;  5.92;  -999;   135.3;  31.0;   8.00;  13.1;   60.7;eor
  3137;19810701;19810731;  10;   1;   22.9;  18.5;   13.9;    2.00;  5.60;  -999;    72.7;  31.0;   9.50;  13.3;   26.2;eor
  3137;19810801;19810831;  10;   1;   23.6;  18.5;   13.8;    1.80;  3.92;  -999;   138.7;  31.0;   7.50;  10.8;   76.7;eor
  3137;19810901;19810930;  10;   1;   20.9;  15.5;   11.0;    2.00;  4.48;  -999;    56.5;  25.2;   5.40;  12.1;   26.3;eor
  3137;19811001;19811031;  10;   1;   12.5;   9.1;    6.1;    2.10;  6.08;  -999;   111.8;  20.5;   1.00;  18.9;   23.6;eor
  3137;19811101;19811130;  10;   1;    9.1;   6.4;    3.5;    2.50;  6.08;  -999;    43.3;  16.0;  -4.50;  15.3;    9.0;eor
  3137;19811201;19811231;  10;   1;    2.0;   0.2;   -2.0;    2.40;  6.24;  -999;    95.7;   9.0;  -9.50;  19.3;   13.7;eor
  3137;19820101;19820131;  10;   1;    1.5;  -1.0;   -3.7;    1.90;  5.52;  -999;    51.8;  11.5; -14.50;  17.3;   16.5;eor
  3137;19820201;19820228;  10;   1;    4.7;   1.2;   -1.6;    1.90;  4.16;  -999;     4.1;   9.5;  -6.20;  11.1;    2.0;eor
  3137;19820301;19820331;  10;   1;   10.3;   5.9;    1.9;    2.30;  5.12;  -999;    35.5;  19.0;  -1.40;  21.3;    9.9;eor
  3137;19820401;19820430;  10;   1;   14.4;   9.5;    4.9;    2.10;  3.60;  -999;    26.8;  20.5;   0.80;  15.8;   11.2;eor
  3137;19820501;19820531;  10;   1;   20.3;  14.6;    8.0;    2.00;  3.52;  -999;    53.3;  28.4;   0.50;  19.8;   28.1;eor
  3137;19820601;19820630;  10;   1;   24.0;  18.7;   13.6;    2.10;  4.48;  -999;    45.3;  32.8;   7.50;  -999;    8.3;eor
  3137;19820701;19820731;  10;   1;   26.5;  21.5;   16.4;    2.00;  4.08;  -999;    42.1;  32.5;  10.40;  10.7;   18.1;eor
  3137;19820801;19820831;  10;   1;   24.5;  19.1;   13.7;    1.80;  4.72;  -999;    25.6;  31.0;   8.50;  10.5;    4.8;eor
  3137;19820901;19820930;  10;   1;   24.4;  17.5;   11.8;    1.30;  3.36;  -999;    26.4;  29.6;   6.80;  12.9;    6.3;eor
  3137;19821001;19821031;  10;   1;   13.1;  10.1;    7.8;    1.80;  6.48;  -999;   111.3;  17.6;   1.40;  17.2;   36.1;eor
  3137;19821101;19821130;  10;   1;   10.0;   7.1;    4.8;    2.00;  5.52;  -999;    29.7;  15.2;  -2.00;  14.9;   10.3;eor
  3137;19821201;19821231;  10;   1;    5.5;   3.5;    1.5;    2.20;  6.24;  -999;    64.4;  12.2;  -4.00;  23.5;   13.9;eor
  3137;19830101;19830131;  10;   1;    7.2;   5.0;    2.8;    2.60;  6.72;  -999;    60.1;  13.0;  -3.50;  -999;   11.8;eor
  3137;19830201;19830228;  10;   1;    3.4;   0.7;   -1.8;    2.50;  5.12;  -999;    33.0;  11.0;  -6.50;  -999;    8.6;eor
  3137;19830301;19830331;  10;   1;   10.3;   6.6;    3.3;    2.40;  5.44;  -999;    30.0;  16.6;  -2.50;  21.0;    5.4;eor
  3137;19830401;19830430;  10;   1;   14.7;  10.3;    6.1;    2.20;  5.28;  -999;    78.6;  22.0;  -0.50;  17.8;   17.4;eor
  3137;19830501;19830531;  10;   1;   15.9;  12.0;    8.5;    2.10;  6.24;  -999;   123.4;  24.5;   5.00;  15.3;   17.0;eor
  3137;19830601;19830630;  10;   1;   23.4;  18.7;   13.4;    2.20;  4.64;  -999;    26.0;  29.5;   7.20;  15.6;    5.8;eor
  3137;19830701;19830731;  10;   1;   29.1;  23.1;   15.4;    1.80;  2.64;  -999;    20.8;  36.0;   7.20;  10.8;   11.0;eor
  3137;19830801;19830831;  10;   1;   26.6;  21.1;   15.4;    2.10;  3.12;  -999;    16.3;  31.5;  12.40;  14.2;    6.2;eor
  3137;19830901;19830930;  10;   1;   20.5;  15.1;   10.6;    2.30;  4.48;  -999;    58.9;  26.0;   5.20;  -999;   17.8;eor
  3137;19831001;19831031;  10;   1;   14.8;  10.2;    6.6;    2.00;  4.64;  -999;    22.5;  24.5;  -1.80;  -999;    4.0;eor
  3137;19831101;19831130;  10;   1;    7.0;   4.3;    1.9;    2.00;  5.68;  -999;    22.4;  16.5;  -7.00;  21.2;   11.0;eor
  3137;19831201;19831231;  10;   1;    4.2;   2.0;   -0.3;    1.80;  5.44;  -999;    36.4;  13.2;  -7.40;  17.0;    9.0;eor
  3137;19840101;19840131;  10;   1;    4.8;   2.8;    0.8;    2.90;  6.56;  -999;    61.0;  12.0;  -4.20;  20.9;    8.4;eor
  3137;19840201;19840229;  10;   1;    4.9;   2.2;   -0.3;    2.40;  5.20;  -999;    78.0;   9.5;  -8.00;  18.8;   19.0;eor
  3137;19840301;19840331;  10;   1;    9.0;   4.6;    0.4;    2.20;  4.16;  -999;    21.7;  13.5;  -4.50;  18.0;    4.5;eor
  3137;19840401;19840430;  10;   1;   13.7;   8.9;    3.5;    2.10;  3.60;  -999;    36.6;  25.0;  -2.00;  13.7;   15.9;eor
  3137;19840501;19840531;  10;   1;   16.3;  11.8;    7.9;    2.10;  6.24;  -999;   124.0;  25.0;   2.20;  18.0;   24.2;eor
  3137;19840601;19840630;  10;   1;   21.0;  15.9;   10.8;    2.10;  5.52;  -999;    32.7;  29.0;   7.80;  14.1;    6.5;eor
  3137;19840701;19840731;  10;   1;   23.6;  18.5;   13.0;    2.10;  4.72;  -999;    39.4;  35.2;   5.40;  20.1;   11.2;eor
  3137;19840801;19840831;  10;   1;   24.5;  18.9;   13.6;    1.80;  4.48;  -999;    45.8;  30.4;   9.00;  18.0;   14.0;eor
  3137;19840901;19840930;  10;   1;   17.5;  13.9;   11.3;    2.30;  6.32;  -999;    89.2;  28.2;   6.40;  17.2;   17.4;eor
  3137;19841001;19841031;  10;   1;   15.3;  11.3;    8.0;    1.90;  5.36;  -999;    32.5;  19.5;   1.50;  20.4;    6.1;eor
  3137;19841101;19841130;  10;   1;    8.5;   6.2;    3.9;    1.90;  5.04;  -999;    51.3;  15.0;  -0.40;  25.5;   16.1;eor
  3137;19841201;19841231;  10;   1;    4.4;   2.8;    1.1;    1.50;  6.32;  -999;    34.4;   8.6;  -6.20;  11.9;   11.2;eor
  3137;19850101;19850131;  10;   1;   -0.7;  -3.1;   -5.7;    1.90;  6.48;  -999;    28.3;  11.2; -15.40;  17.0;    3.8;eor
  3137;19850201;19850228;  10;   1;    2.8;  -1.5;   -5.3;    2.00;  3.04;  -999;    24.3;  11.8; -16.40;  14.4;   12.7;eor
  3137;19850301;19850331;  10;   1;    8.4;   4.8;    1.9;    1.90;  6.16;  -999;    40.0;  14.6;  -1.80;  17.0;    7.2;eor
  3137;19850401;19850430;  10;   1;   15.1;  10.0;    5.6;    2.60;  5.04;  -999;    38.5;  24.5;   0.60;  17.0;    9.6;eor
  3137;19850501;19850531;  10;   1;   20.4;  15.2;   10.1;    2.10;  5.12;  -999;    63.6;  29.6;   3.50;  15.2;   12.9;eor
  3137;19850601;19850630;  10;   1;   20.0;  15.4;   10.8;    2.10;  5.36;  -999;    59.2;  28.4;   5.60;  18.4;   12.5;eor
  3137;19850701;19850731;  10;   1;   24.9;  19.3;   13.2;    1.90;  3.76;  -999;    70.4;  32.5;   9.00;  24.5;   28.4;eor
  3137;19850801;19850831;  10;   1;   23.5;  17.5;   12.1;    1.80;  4.40;  -999;    50.8;  33.0;   7.20;  18.2;   10.1;eor
  3137;19850901;19850930;  10;   1;   21.7;  15.4;   10.2;    1.80;  3.60;  -999;    23.1;  28.8;   3.00;  14.0;   12.7;eor
  3137;19851001;19851031;  10;   1;   15.2;   9.9;    5.9;    1.50;  3.76;  -999;    18.3;  27.0;  -2.20;  12.6;    8.7;eor
  3137;19851101;19851130;  10;   1;    4.4;   1.8;   -0.8;    2.00;  6.48;  -999;    43.3;  16.6;  -6.00;  20.3;    6.3;eor
  3137;19851201;19851231;  10;   1;    7.2;   4.7;    2.2;    1.80;  6.56;  -999;    30.3;  13.5;  -9.20;  17.9;    7.0;eor
  3137;19860101;19860131;  10;   1;    4.7;   2.3;   -0.1;    2.60;  6.32;  -999;    67.9;  11.0;  -7.80;  20.0;   18.4;eor
  3137;19860201;19860228;  10;   1;   -0.3;  -3.2;   -6.1;    2.60;  4.48;  -999;     6.6;   6.5; -13.50;  13.4;    3.4;eor
  3137;19860301;19860331;  10;   1;    8.5;   5.0;    2.1;    2.20;  6.32;  -999;    83.6;  15.0;  -3.20;  21.2;   16.4;eor
  3137;19860401;19860430;  10;   1;   12.3;   8.1;    4.5;    2.10;  5.84;  -999;    48.2;  22.6;  -4.50;  13.4;    7.8;eor
  3137;19860501;19860531;  10;   1;   21.0;  16.0;   11.0;    1.70;  4.48;  -999;    43.2;  26.5;   4.20;  13.4;   11.6;eor
  3137;19860601;19860630;  10;   1;   23.6;  18.8;   13.4;    2.00;  4.64;  -999;    56.8;  32.2;   5.40;  15.0;   20.6;eor
  3137;19860701;19860731;  10;   1;   24.5;  19.0;   13.1;    1.60;  4.56;  -999;    73.4;  31.2;   7.80;  15.4;   12.2;eor
  3137;19860801;19860831;  10;   1;   23.9;  18.2;   13.0;    1.80;  5.04;  -999;    56.3;  35.5;   7.00;  13.5;   24.6;eor
  3137;19860901;19860930;  10;   1;   18.8;  12.6;    7.5;    1.50;  3.12;  -999;    80.3;  23.5;   2.40;  14.8;   28.7;eor
  3137;19861001;19861031;  10;   1;   15.8;  10.7;    7.1;    1.50;  5.04;  -999;    68.5;  22.6;  -0.40;  18.6;   17.0;eor
  3137;19861101;19861130;  10;   1;    9.7;   6.3;    3.2;    1.50;  5.84;  -999;    26.4;  14.4;  -2.20;  12.9;    8.6;eor
  3137;19861201;19861231;  10;   1;    5.8;   3.6;    1.2;    2.20;  6.48;  -999;    55.9;  11.2;  -8.00;  22.0;    9.2;eor
  3137;19870101;19870131;  10;   1;   -0.6;  -3.1;   -5.2;    1.60;  5.76;  -999;    33.2;  11.5; -16.40;  14.4;   14.6;eor
  3137;19870201;19870228;  10;   1;    3.7;   1.7;   -0.7;    1.30;  6.56;  -999;    58.7;  12.5; -10.00;  12.2;   11.8;eor
  3137;19870301;19870331;  10;   1;    6.6;   2.6;   -0.3;    2.20;  4.08;  -999;    78.0;  14.2;  -9.20;  18.0;   16.2;eor
  3137;19870401;19870430;  10;   1;   17.4;  11.6;    6.1;    1.40;  3.84;  -999;    17.5;  26.0;  -0.60;  12.9;    4.9;eor
  3137;19870501;19870531;  10;   1;   16.6;  11.7;    6.8;    1.40;  5.84;  -999;    57.6;  24.5;   2.60;  15.9;   12.8;eor
  3137;19870601;19870630;  10;   1;   20.2;  15.8;   11.4;    1.20;  5.92;  -999;   116.3;  32.1;   7.20;  19.2;   18.5;eor
  3137;19870701;19870731;  10;   1;   23.2;  18.9;   13.7;    1.80;  5.28;  -999;   102.2;  29.5;   8.60;  15.0;   18.2;eor
  3137;19870801;19870831;  10;   1;   22.1;  17.3;   12.9;    1.20;  4.72;  -999;    58.0;  30.9;   5.30;  14.0;   10.0;eor
  3137;19870901;19870930;  10;   1;   21.1;  15.9;   12.1;    1.70;  4.16;  -999;    51.6;  27.1;   2.10;  14.4;   17.0;eor
  3137;19871001;19871031;  10;   1;   13.7;  10.2;    6.8;    1.80;  5.84;  -999;    60.4;  20.0;   3.60;  18.8;   14.8;eor
  3137;19871101;19871130;  10;   1;    8.7;   6.0;    4.3;    1.30;  7.12;  -999;    51.2;  14.5;  -0.10;  17.8;   11.4;eor
  3137;19871201;19871231;  10;   1;    5.3;   3.4;    1.5;    1.10;  6.80;  -999;    31.5;  15.2;  -8.90;  14.0;   14.6;eor
  3137;19880101;19880131;  10;   1;    7.2;   4.8;    2.7;    1.40;  6.96;  -999;    72.8;  13.7;  -2.50;  18.9;    9.1;eor
  3137;19880201;19880229;  10;   1;    6.5;   3.6;    0.9;    1.60;  6.16;  -999;    68.4;  10.0;  -3.50;  19.0;   17.2;eor
  3137;19880301;19880331;  10;   1;    8.6;   5.1;    2.4;    1.50;  6.80;  -999;    89.8;  15.5;  -4.10;  18.1;   13.6;eor
  3137;19880401;19880430;  10;   1;   15.2;  10.2;    5.8;    1.10;  4.08;  -999;    26.6;  25.0;  -0.30;  12.9;    7.4;eor
  3137;19880501;19880531;  10;   1;   21.6;  16.3;   10.9;    1.20;  5.12;  -999;    22.0;  28.2;   7.40;  19.7;    8.6;eor
  3137;19880601;19880630;  10;   1;   21.7;  17.1;   11.4;    0.60;  6.24;  -999;    54.2;  27.2;   6.00;  12.4;   14.4;eor
  3137;19880701;19880731;  10;   1;   23.9;  18.6;   13.1;    1.00;  5.04;  -999;    65.5;  32.5;   9.10;  15.8;   12.9;eor
  3137;19880801;19880831;  10;   1;   25.7;  19.5;   13.0;    1.00;  4.24;  -999;    15.9;  31.3;   8.00;  13.0;    4.2;eor
  3137;19880901;19880930;  10;   1;   19.4;  14.7;   10.8;    1.00;  5.92;  -999;    49.6;  27.0;   5.10;  16.3;   19.5;eor
  3137;19881001;19881031;  10;   1;   14.9;  11.2;    7.8;    0.80;  6.56;  -999;    57.4;  20.7;  -1.60;  15.0;   14.6;eor
  3137;19881101;19881130;  10;   1;    7.4;   4.3;    1.4;    0.80;  6.08;  -999;    45.1;  13.0;  -7.30;  13.8;   12.1;eor
  3137;19881201;19881231;  10;   1;    7.8;   5.5;    3.4;    1.30;  7.44;  -999;    68.2;  11.5;  -3.60;  19.5;   25.0;eor
  3137;19890101;19890131;  10;   1;    5.4;   3.2;    1.2;    0.80;  6.72;  -999;    13.1;  10.5;  -3.10;  11.5;    8.5;eor
  3137;19890201;19890228;  10;   1;    6.2;   3.8;    1.6;    1.20;  7.04;  -999;    44.8;  14.0;  -3.10;  15.8;   11.0;eor
  3137;19890301;19890331;  10;   1;   14.1;   8.8;    4.2;    1.20;  5.04;  -999;    53.9;  26.0;  -2.50;  16.0;    9.1;eor
  3137;19890401;19890430;  10;   1;   12.3;   8.5;    5.1;    0.90;  6.80;  -999;    90.4;  19.5;   1.00;  13.8;   21.2;eor
  3137;19890501;19890531;  10;   1;   22.7;  16.5;    9.8;    1.30;  3.04;  -999;    26.7;  28.0;   1.50;  17.0;    6.8;eor
  3137;19890601;19890630;  10;   1;   22.8;  17.5;   11.5;    0.90;  5.12;  -999;    51.3;  30.1;   5.50;  12.3;   17.8;eor
  3137;19890701;19890731;  10;   1;   25.6;  19.9;   14.7;    1.30;  6.00;  -999;   136.1;  32.5;   9.00;  15.0;   32.5;eor
  3137;19890801;19890831;  10;   1;   24.5;  18.5;   13.5;    0.80;  4.96;  -999;    43.7;  33.0;   8.70;  12.8;   12.5;eor
  3137;19890901;19890930;  10;   1;   21.2;  15.5;   10.7;    1.10;  4.80;  -999;    10.8;  28.9;   5.00;  13.1;    4.6;eor
  3137;19891001;19891031;  10;   1;   16.8;  11.1;    7.1;    0.90;  5.12;  -999;    53.9;  23.5;   1.50;  12.5;   16.6;eor
  3137;19891101;19891130;  10;   1;    7.5;   3.9;    0.9;    0.90;  4.40;  -999;    47.0;  14.5;  -6.80;   9.8;   19.0;eor
  3137;19891201;19891231;  10;   1;    6.3;   3.7;    1.2;    1.00;  6.08;  -999;    70.1;  15.3;  -7.20;  17.8;   11.2;eor
  3137;19900101;19900131;  10;   1;    5.3;   3.3;    1.2;    1.50;  7.12;  -999;    29.6;  12.1;  -2.50;  27.1;   15.0;eor
  3137;19900201;19900228;  10;   1;   11.5;   6.6;    2.3;    2.60;  4.88;  -999;    74.5;  17.5;  -3.50;  27.5;   16.0;eor
  3137;19900301;19900331;  10;   1;   14.0;   8.5;    4.3;    1.50;  4.80;  -999;    14.1;  21.0;   0.50;  13.6;    3.0;eor
  3137;19900401;19900430;  10;   1;   14.5;   9.5;    5.1;    1.60;  5.52;  -999;    37.3;  22.6;  -0.70;  14.0;    4.7;eor
  3137;19900501;19900531;  10;   1;   22.5;  16.4;    9.8;    1.30;  3.52;  -999;    27.5;  27.5;   2.60;  16.0;   14.1;eor
  3137;19900601;19900630;  10;   1;   21.3;  16.6;   12.1;    1.00;  6.32;  -999;    82.0;  30.6;   6.00;  15.0;   19.5;eor
  3137;19900701;19900731;  10;   1;   25.2;  19.4;   13.0;    1.70;  3.44;  -999;    22.8;  34.1;   9.00;  14.0;    9.6;eor
  3137;19900801;19900831;  10;   1;   27.2;  20.6;   14.6;    1.10;  4.88;  -999;    41.8;  34.8;   8.50;  13.0;   25.7;eor
  3137;19900901;19900930;  10;   1;   17.9;  13.3;    9.3;    0.90;  6.48;  -999;    76.5;  22.0;   4.40;  17.1;   31.6;eor
  3137;19901001;19901031;  10;   1;   16.2;  10.9;    7.0;    1.20;  4.64;  -999;    41.4;  21.8;  -2.60;  14.3;   22.6;eor
  3137;19901101;19901130;  10;   1;    8.9;   6.1;    4.0;    1.00;  6.88;  -999;    78.4;  16.9;  -1.40;  17.3;   14.2;eor
  3137;19901201;19901231;  10;   1;    4.2;   2.1;    0.3;    1.50;  7.04;  -999;    53.9;  13.5;  -5.90;  13.8;   10.1;eor
  3137;19910101;19910131;  10;   1;    5.5;   2.9;    0.6;    1.50;  5.76;  -999;    37.4;  15.2;  -6.40;  -999;    7.1;eor
  3137;19910201;19910228;  10;   1;    3.3;  -0.7;   -4.2;    1.20;  5.44;  -999;    25.0;  13.0; -11.80;  -999;    6.4;eor
  3137;19910301;19910331;  10;   1;   12.5;   8.3;    4.4;    1.10;  5.84;  -999;    35.1;  18.4;  -1.60;  -999;   14.8;eor
  3137;19910401;19910430;  10;   1;   14.7;   9.4;    4.0;    1.30;  4.72;  -999;    49.0;  21.3;  -1.80;  -999;   24.3;eor
  3137;19910501;19910531;  10;   1;   17.4;  12.1;    6.6;    1.20;  5.44;  -999;    18.6;  26.9;   1.40;  -999;    2.8;eor
  3137;19910601;19910630;  10;   1;   19.8;  15.2;   11.1;    1.80;  6.80;  -999;    47.4;  26.0;   2.90;  -999;    7.5;eor
  3137;19910701;19910731;  10;   1;   27.7;  21.9;   16.2;    1.10;  4.32;  -999;    63.4;  34.9;  10.50;  -999;   23.0;eor
  3137;19910801;19910831;  10;   1;   27.6;  21.2;   14.9;    1.10;  3.84;  -999;     1.5;  34.5;  10.90;  -999;    0.7;eor
  3137;19910901;19910930;  10;   1;   23.1;  16.8;   11.4;    0.70;  4.72;  -999;    41.0;  29.8;   6.50;  -999;   15.2;eor
  3137;19911001;19911031;  10;   1;   13.5;   9.2;    5.8;    1.10;  5.60;  -999;    32.5;  23.0;  -1.00;  -999;   12.5;eor
  3137;19911101;19911130;  10;   1;    7.9;   4.9;    2.3;    1.10;  7.04;  -999;    68.7;  16.6;  -2.00;  -999;   14.3;eor
  3137;19911201;19911231;  10;   1;    3.8;   1.4;   -1.0;    1.10;  6.24;  -999;    61.0;  13.4;  -9.60;  -999;   14.6;eor
  3137;19920101;19920131;  10;   1;    4.7;   2.3;    0.3;    1.10;  6.32;  -999;    24.2;  11.0;  -5.90;  12.9;   10.5;eor
  3137;19920201;19920229;  10;   1;    6.8;   3.5;    0.5;    0.80;  6.72;  -999;    27.7;  14.6;  -6.20;  10.9;   14.0;eor
  3137;19920301;19920331;  10;   1;   11.2;   6.7;    2.7;    1.50;  6.16;  -999;    54.3;  17.0;  -0.80;  26.3;   15.1;eor
  3137;19920401;19920430;  10;   1;   15.2;  10.2;    5.3;    1.30;  5.52;  -999;    27.5;  23.0;  -1.00;  20.6;    4.7;eor
  3137;19920501;19920531;  10;   1;   22.6;  17.2;   10.6;    1.40;  3.52;  -999;    23.5;  29.5;   3.40;  18.0;    6.9;eor
  3137;19920601;19920630;  10;   1;   23.7;  18.8;   13.5;    0.70;  6.00;  -999;    92.0;  31.0;  10.00;  14.0;   32.5;eor
  3137;19920701;19920731;  10;   1;   26.1;  20.7;   15.3;    0.60;  4.80;  -999;    71.3;  34.0;  10.50;  19.1;   16.2;eor
  3137;19920801;19920831;  10;   1;   26.9;  20.9;   15.7;    0.90;  4.80;  -999;    68.9;  36.4;   8.50;  30.0;   13.3;eor
  3137;19920901;19920930;  10;   1;   20.2;  14.8;   10.1;    0.50;  4.96;  -999;    25.6;  25.0;   5.40;  15.3;   11.2;eor
  3137;19921001;19921031;  10;   1;   11.8;   7.6;    4.5;    1.20;  6.32;  -999;    69.2;  18.9;  -2.10;  18.9;   22.5;eor
  3137;19921101;19921130;  10;   1;    9.4;   6.6;    3.6;    1.40;  6.96;  -999;    70.7;  15.2;  -1.40;  18.7;   10.5;eor
  3137;19921201;19921231;  10;   1;    5.2;   2.7;    0.8;    1.10;  6.24;  -999;    55.0;  13.3;  -9.00;  22.9;   16.1;eor
  3137;19930101;19930131;  10;   1;    7.1;   3.9;    0.9;    1.90;  6.16;  -999;    29.2;  13.6; -10.90;  23.6;    5.6;eor
  3137;19930201;19930228;  10;   1;    2.8;   0.3;   -2.0;    0.80;  6.72;  -999;    20.7;   8.2;  -8.40;  -999;    6.6;eor
  3137;19930301;19930331;  10;   1;   11.4;   6.0;    1.3;    1.20;  4.80;  -999;     2.1;  19.8;  -5.50;  14.9;    1.3;eor
  3137;19930401;19930430;  10;   1;   17.9;  12.7;    7.7;    1.00;  5.28;  -999;    40.4;  28.5;   1.80;  -999;    7.2;eor
  3137;19930501;19930531;  10;   1;   22.3;  16.7;   11.2;    1.10;  5.04;  -999;    77.4;  31.0;   4.40;  14.1;   16.7;eor
  3137;19930601;19930630;  10;   1;   23.7;  18.7;   13.3;    1.00;  5.60;  -999;    12.2;  30.5;   7.50;  13.9;    5.2;eor
  3137;19930701;19930731;  10;   1;   24.4;  18.9;   13.8;    1.30;  5.92;  -999;    73.4;  31.5;   9.30;  22.0;   22.7;eor
  3137;19930801;19930831;  10;   1;   24.8;  18.9;   12.7;    1.00;  4.88;  -999;     9.1;  31.4;   6.00;  15.8;    3.3;eor
  3137;19930901;19930930;  10;   1;   18.2;  13.4;    9.4;    0.80;  6.16;  -999;    90.5;  23.9;   3.90;  16.5;   14.4;eor
  3137;19931001;19931031;  10;   1;   12.4;   9.1;    6.5;    0.80;  7.12;  -999;    66.7;  19.4;  -0.30;  15.6;   15.8;eor
  3137;19931101;19931130;  10;   1;    4.4;   1.9;    0.0;    0.90;  6.48;  -999;    19.0;  12.1;  -6.60;  20.1;    6.5;eor
  3137;19931201;19931231;  10;   1;    7.3;   4.8;    2.3;    2.00;  7.60;  -999;   147.0;  13.6;  -7.20;  26.0;   38.2;eor
  3137;19940101;19940131;  10;   1;    7.1;   4.4;    2.0;    1.60;  7.44;  -999;    52.3;  12.4;  -5.30;  22.5;   10.1;eor
  3137;19940201;19940228;  10;   1;    5.2;   2.0;   -0.8;    0.90;  6.32;  -999;    50.1;  14.0;  -8.70;  14.9;   16.5;eor
  3137;19940301;19940331;  10;   1;   12.6;   8.8;    5.8;    1.90;  6.16;  -999;    37.1;  20.2;  -1.00;  20.3;    6.8;eor
  3137;19940401;19940430;  10;   1;   14.9;  10.1;    5.0;    1.10;  5.44;  -999;    43.8;  27.4;  -1.00;  22.0;   11.6;eor
  3137;19940501;19940531;  10;   1;   19.4;  14.6;    9.6;    0.90;  5.28;  -999;    54.3;  25.6;   5.00;  12.1;   10.2;eor
  3137;19940601;19940630;  10;   1;   24.1;  19.0;   13.6;    1.10;  5.12;  -999;    55.1;  32.4;   7.60;  18.1;   30.1;eor
  3137;19940701;19940731;  10;   1;   29.8;  23.9;   17.5;    0.60;  4.00;  -999;     9.5;  35.4;  11.30;  19.9;    3.2;eor
  3137;19940801;19940831;  10;   1;   25.3;  19.9;   14.6;    0.70;  4.72;  -999;    21.8;  35.8;   8.60;  12.0;    4.9;eor
  3137;19940901;19940930;  10;   1;   19.6;  15.0;   11.2;    0.80;  6.00;  -999;    54.0;  23.6;   6.80;  18.7;    9.4;eor
  3137;19941001;19941031;  10;   1;   14.3;   9.2;    4.8;    0.80;  4.32;  -999;    43.6;  19.4;  -0.70;  17.0;    9.5;eor
  3137;19941101;19941130;  10;   1;   11.6;   9.2;    6.8;    0.40;  7.28;  -999;    33.6;  17.4;   3.00;  11.2;    6.9;eor
  3137;19941201;19941231;  10;   1;    7.7;   5.3;    2.6;    1.00;  7.12;  -999;    18.3;  13.6;  -3.20;  21.5;    4.1;eor
  3137;19950101;19950131;  10;   1;    4.6;   2.0;   -0.5;    1.20;  6.48;  -999;   123.7;  13.1;  -8.90;  23.0;   23.9;eor
  3137;19950201;19950228;  10;   1;    9.2;   5.9;    2.7;    1.00;  6.80;  -999;    71.3;  14.5;  -2.20;  15.2;   17.8;eor
  3137;19950301;19950331;  10;   1;    9.7;   5.0;    1.4;    1.40;  5.44;  -999;    74.7;  18.9;  -2.40;  18.4;   13.2;eor
  3137;19950401;19950430;  10;   1;   15.7;  11.2;    6.8;    0.90;  6.00;  -999;    56.1;  27.3;   1.90;  15.8;   18.1;eor
  3137;19950501;19950531;  10;   1;   19.9;  14.5;    9.4;    0.60;  5.12;  -999;    65.7;  28.0;   1.40;  14.2;   14.4;eor
  3137;19950601;19950630;  10;   1;   21.5;  16.8;   11.9;    0.60;  6.00;  -999;    41.3;  30.9;   6.70;  11.1;   13.5;eor
  3137;19950701;19950731;  10;   1;   28.4;  22.5;   16.5;    0.40;  3.68;  -999;    66.3;  35.1;  12.00;  12.0;   16.1;eor
  3137;19950801;19950831;  10;   1;   26.2;  20.1;   15.2;    0.60;  4.00;  -999;   119.8;  33.2;  10.20;  20.7;   26.3;eor
  3137;19950901;19950930;  10;   1;   18.0;  13.7;   10.2;    0.60;  6.64;  -999;    89.3;  22.2;   2.00;  12.6;   14.8;eor
  3137;19951001;19951031;  10;   1;   16.5;  12.7;    9.5;    0.10;  5.92;  -999;    35.1;  24.0;   2.00;   9.8;   13.9;eor
  3137;19951101;19951130;  10;   1;    7.2;   4.4;    1.9;    0.60;  6.40;  -999;    30.1;  13.1;  -4.90;  14.4;    7.1;eor
  3137;19951201;19951231;  10;   1;    2.8;   0.7;   -1.1;    0.80;  7.04;  -999;    51.1;  12.6;  -8.50;  -999;   10.8;eor
  3137;19960101;19960131;  10;   1;    1.2;  -0.5;   -1.9;    0.70;  6.48;  -999;     6.6;   7.5;  -7.30;  -999;    2.2;eor
  3137;19960201;19960229;  10;   1;    3.7;   0.7;   -1.8;    0.80;  6.16;  -999;    38.6;  13.0;  -8.40;  -999;    8.1;eor
  3137;19960301;19960331;  10;   1;    8.5;   4.1;    0.7;    0.80;  4.88;  -999;    20.0;  15.5;  -5.40;  -999;    9.6;eor
  3137;19960401;19960430;  10;   1;   16.8;  10.7;    4.8;    0.50;  3.52;  -999;    21.9;  27.4;  -1.80;  -999;    8.9;eor
  3137;19960501;19960531;  10;   1;   17.5;  12.8;    8.4;    0.80;  6.24;  -999;    58.7;  30.9;   1.60;  -999;   14.6;eor
  3137;19960601;19960630;  10;   1;   23.4;  17.8;   12.5;    0.60;  4.72;  -999;    33.4;  33.4;   7.30;  -999;   12.5;eor
  3137;19960701;19960731;  10;   1;   24.0;  18.3;   12.6;    0.80;  4.64;  -999;    85.7;  30.4;   8.10;  -999;   30.9;eor
  3137;19960801;19960831;  10;   1;   24.3;  18.8;   14.2;    0.80;  4.80;  -999;    37.1;  30.6;  10.70;  -999;    9.7;eor
  3137;19960901;19960930;  10;   1;   18.1;  13.1;    9.1;    0.50;  5.84;  -999;    26.6;  26.5;   4.40;  -999;   12.9;eor
  3137;19961001;19961031;  10;   1;   14.3;  10.1;    6.8;    0.60;  6.00;  -999;    66.9;  18.1;   2.40;  -999;   17.6;eor
  3137;19961101;19961130;  10;   1;    8.0;   5.8;    3.7;    0.80;  7.28;  -999;    72.0;  15.0;  -2.30;  -999;   17.7;eor
  3137;19961201;19961231;  10;   1;    1.7;  -0.2;   -2.1;    0.90;  6.24;  -999;    43.9;  10.0; -13.10;  -999;    7.6;eor
  3137;19970101;19970131;  10;   1;    0.2;  -2.3;   -4.4;    0.30;  6.80;  -999;    14.9;   6.5; -13.90;  -999;    4.3;eor
  3137;19970201;19970228;  10;   1;    9.3;   5.5;    2.3;    1.30;  5.84;  -999;    59.8;  14.5;  -3.20;  -999;   16.0;eor
  3137;19970301;19970331;  10;   1;   13.8;   8.8;    4.9;    0.90;  5.20;  -999;    25.7;  19.6;  -0.20;  -999;    5.1;eor
  3137;19970401;19970430;  10;   1;   14.8;   9.2;    3.6;    0.90;  4.00;  -999;    19.3;  20.7;  -1.60;  -999;    7.9;eor
  3137;19970501;19970531;  10;   1;   20.6;  14.9;    9.3;    0.90;  4.40;  -999;    45.9;  29.2;   2.70;  -999;    9.7;eor
  3137;19970601;19970630;  10;   1;   22.7;  17.6;   13.1;    0.90;  5.92;  -999;    86.0;  30.1;   8.40;  -999;   13.4;eor
  3137;19970701;19970731;  10;   1;   24.7;  19.2;   14.1;    0.70;  5.36;  -999;    51.1;  30.0;  10.60;  -999;   19.6;eor
  3137;19970801;19970831;  10;   1;   28.8;  22.1;   16.3;    0.50;  3.76;  -999;    18.0;  34.0;   9.50;  -999;    5.6;eor
  3137;19970901;19970930;  10;   1;   23.2;  15.6;   10.0;    0.40;  3.28;  -999;    12.6;  30.4;   3.90;  -999;    4.9;eor
  3137;19971001;19971031;  10;   1;   13.5;   9.1;    5.8;    1.10;  5.12;  -999;    48.8;  23.6;  -1.90;  -999;   20.7;eor
  3137;19971101;19971130;  10;   1;    7.7;   5.2;    3.0;    0.60;  6.32;  -999;    57.8;  13.6;  -3.00;  -999;   15.5;eor
  3137;19971201;19971231;  10;   1;    5.9;   3.9;    2.0;    0.80;  7.52;  -999;    54.7;  14.1;  -4.70;  -999;    9.0;eor
  3137;19980101;19980131;  10;   1;    6.2;   3.3;    0.9;    1.10;  6.00;  -999;    40.1;  13.1;  -8.90;  -999;   11.1;eor
  3137;19980201;19980228;  10;   1;    9.9;   4.4;   -0.2;    0.50;  4.72;  -999;    10.7;  18.0; -11.30;  -999;    7.4;eor
  3137;19980301;19980331;  10;   1;   12.2;   7.8;    3.9;    1.20;  5.44;  -999;    32.9;  24.5;  -2.60;  -999;   16.0;eor
  3137;19980401;19980430;  10;   1;   15.0;  10.1;    6.2;    0.80;  6.16;  -999;    92.3;  22.5;  -0.40;  -999;   16.8;eor
  3137;19980501;19980531;  10;   1;   22.2;  16.7;   11.3;    0.70;  4.56;  -999;    68.4;  30.6;   3.00;  -999;   39.6;eor
  3137;19980601;19980630;  10;   1;   24.1;  18.7;   13.4;    0.60;  6.16;  -999;    44.9;  33.5;   5.60;  -999;   12.0;eor
  3137;19980701;19980731;  10;   1;   23.2;  18.7;   13.6;    0.80;  6.00;  -999;    55.3;  34.9;   8.50;  -999;   14.3;eor
  3137;19980801;19980831;  10;   1;   26.3;  19.5;   13.4;    0.80;  3.92;  -999;    22.1;  38.1;   7.00;  -999;   12.2;eor
  3137;19980901;19980930;  10;   1;   19.1;  14.8;   11.7;    0.90;  6.08;  -999;    94.2;  23.6;   7.40;  -999;   21.0;eor
  3137;19981001;19981031;  10;   1;   13.2;  10.1;    7.4;    1.40;  6.96;  -999;   168.0;  19.1;   2.40;  -999;   31.4;eor
  3137;19981101;19981130;  10;   1;    5.9;   3.2;    1.0;    0.60;  6.80;  -999;    52.6;  14.1;  -6.60;  -999;   13.6;eor
  3137;19981201;19981231;  10;   1;    4.7;   2.6;    0.6;    0.60;  6.96;  -999;    48.7;  13.0;  -5.10;  -999;   11.6;eor
  3137;19990101;19990131;  10;   1;    6.6;   3.8;    1.5;    0.80;  6.80;  -999;    45.4;  14.1;  -5.60;  -999;    8.1;eor
  3137;19990201;19990228;  10;   1;    5.8;   2.6;   -0.2;    1.30;  6.56;  -999;    43.3;  13.6;  -6.90;  -999;    7.0;eor
  3137;19990301;19990331;  10;   1;   11.7;   7.3;    3.8;    0.90;  5.52;  -999;    61.2;  18.6;  -1.20;  -999;   28.0;eor
  3137;19990401;19990430;  10;   1;   16.4;  11.3;    6.6;    0.80;  4.96;  -999;    65.6;  23.6;   1.10;  -999;   18.1;eor
  3137;19990501;19990531;  10;   1;   21.8;  16.2;   10.6;    0.80;  4.80;  -999;    21.5;  31.1;   5.40;  -999;    5.2;eor
  3137;19990601;19990630;  10;   1;   23.4;  17.6;   12.2;    0.60;  5.84;  -999;    52.4;  31.0;   7.10;  -999;   13.5;eor
  3137;19990701;19990731;  10;   1;   26.7;  21.2;   16.1;    0.60;  5.04;  -999;   108.6;  34.2;  10.60;  -999;   54.3;eor
  3137;19990801;19990831;  10;   1;   25.2;  19.3;   14.1;    0.50;  5.04;  -999;    56.0;  31.1;   8.50;  -999;   15.5;eor
  3137;19990901;19990930;  10;   1;   24.6;  18.4;   13.7;    0.50;  4.24;  -999;    33.4;  31.0;   9.20;  -999;   11.9;eor
  3137;19991001;19991031;  10;   1;   14.3;  10.1;    6.8;    0.70;  4.96;  -999;    42.7;  18.4;   2.00;  -999;   10.5;eor
  3137;19991101;19991130;  10;   1;    7.4;   4.7;    2.1;    0.40;  6.64;  -999;    39.3;  14.5;  -4.40;  -999;   15.2;eor
  3137;19991201;19991231;  10;   1;    5.8;   3.6;    1.5;    1.60;  7.12;  -999;    78.3;  12.4;  -6.20;  -999;   16.0;eor
  3137;20000101;20000131;  10;   1;    5.3;   3.0;    0.6;    0.90;  6.40;  -999;    24.8;  13.9;  -9.60;  -999;    6.4;eor
  3137;20000201;20000229;  10;   1;    9.2;   5.0;    1.7;    0.90;  6.08;  -999;    46.0;  16.1;  -3.00;  -999;    7.0;eor
  3137;20000301;20000331;  10;   1;   12.2;   7.7;    5.0;    1.20;  6.32;  -999;    63.4;  19.2;   0.00;  -999;   20.2;eor
  3137;20000401;20000430;  10;   1;   17.4;  11.8;    6.6;    0.70;  4.72;  -999;    31.5;  27.0;   0.20;  -999;    5.5;eor
  3137;20000501;20000531;  10;   1;   22.8;  16.5;   10.9;    0.90;  4.80;  -999;    -999;  29.4;   4.60;  -999;   10.5;eor
  3137;20000601;20000630;  10;   1;   25.5;  19.3;   12.5;    0.60;  4.16;  -999;    -999;  34.1;   7.50;  -999;   17.0;eor
  3137;20000701;20000731;  10;   1;   22.0;  16.8;   12.9;    0.70;  6.48;  -999;   178.9;  29.2;   7.80;  -999;   32.3;eor
  3137;20000801;20000831;  10;   1;   26.3;  20.0;   14.7;    0.40;  4.24;  -999;    42.7;  32.3;  11.10;  -999;    8.6;eor
  3137;20000901;20000930;  10;   1;   20.5;  15.6;   12.2;    0.60;  5.20;  -999;   116.2;  27.1;   8.90;  -999;   26.5;eor
  3137;20001001;20001031;  10;   1;   14.6;  11.1;    8.4;    1.00;  6.72;  -999;    55.6;  20.5;   3.50;  -999;    8.1;eor
  3137;20001101;20001130;  10;   1;    9.8;   6.8;    4.5;    0.70;  6.64;  -999;    56.6;  14.2;   0.00;  -999;   10.9;eor
  3137;20001201;20001231;  10;   1;    6.1;   4.1;    2.1;    0.70;  6.24;  -999;    57.4;  13.0;  -6.90;  -999;    8.4;eor
  3137;20010101;20010131;  10;   1;    5.2;   2.3;   -0.2;    0.60;  5.52;  -999;    66.7;  12.0;  -8.60;  -999;   13.2;eor
  3137;20010201;20010228;  10;   1;    8.2;   4.6;    1.9;    0.70;  6.24;  -999;    62.2;  15.1;  -8.10;  -999;   15.0;eor
  3137;20010301;20010331;  10;   1;   10.4;   6.7;    4.1;    0.70;  6.96;  -999;   137.7;  16.0;  -1.80;  -999;   21.7;eor
  3137;20010401;20010430;  10;   1;   13.9;   8.8;    4.8;    0.90;  6.08;  -999;    68.0;  23.1;  -1.20;  -999;    9.6;eor
  3137;20010501;20010531;  10;   1;   23.2;  17.3;   11.8;    1.10;  4.00;  -999;    28.7;  28.5;   6.60;  -999;   20.4;eor
  3137;20010601;20010630;  10;   1;   22.3;  16.9;   11.6;    0.70;  6.24;  -999;    51.1;  31.0;   6.60;  -999;   12.5;eor
  3137;20010701;20010731;  10;   1;   26.9;  20.9;   15.7;    0.80;  4.80;  -999;    44.8;  34.0;  11.00;  -999;   12.1;eor
  3137;20010801;20010831;  10;   1;   26.5;  20.5;   15.9;    0.40;  4.00;  -999;    45.1;  34.9;   9.90;  -999;    9.8;eor
  3137;20010901;20010930;  10;   1;   17.5;  13.1;    9.7;    0.90;  6.88;  -999;    68.7;  24.2;   4.00;  -999;   18.0;eor
  3137;20011001;20011031;  10;   1;   17.6;  13.0;    9.8;    0.40;  5.36;  -999;    46.0;  25.9;   6.70;  -999;    8.4;eor
  3137;20011101;20011130;  10;   1;    7.8;   4.8;    2.3;    0.80;  5.76;  -999;    92.9;  12.1;  -3.60;  -999;   17.7;eor
  3137;20011201;20011231;  10;   1;    4.2;   1.9;   -0.8;    1.30;  6.24;  -999;    34.3;  12.1; -10.60;  -999;   15.5;eor
  3137;20020101;20020131;  10;   1;    3.7;   1.6;   -1.0;    1.20;  6.16;  -999;    17.2;  14.1; -13.20;  -999;    5.4;eor
  3137;20020201;20020228;  10;   1;   10.4;   6.6;    3.3;    2.30;  5.84;  -999;   106.0;  15.5;  -2.60;  -999;   16.1;eor
  3137;20020301;20020331;  10;   1;   12.9;   7.4;    3.2;    1.20;  4.96;  -999;    50.0;  19.6;  -2.90;  -999;   13.1;eor
  3137;20020401;20020430;  10;   1;   16.0;  10.5;    5.5;    1.30;  4.56;  -999;    45.3;  22.5;  -0.50;  -999;   12.9;eor
  3137;20020501;20020531;  10;   1;   20.2;  15.1;   10.4;    0.70;  5.20;  -999;    66.6;  28.6;   3.30;  -999;   17.8;eor
  3137;20020601;20020630;  10;   1;   25.4;  20.0;   14.6;    1.00;  4.88;  -999;    40.2;  35.7;   9.40;  -999;   30.9;eor
  3137;20020701;20020731;  10;   1;   24.3;  19.1;   14.9;    0.60;  6.08;  -999;   120.9;  33.0;  11.60;  -999;   24.8;eor
  3137;20020801;20020831;  10;   1;   25.5;  19.9;   15.8;    0.60;  5.52;  -999;    71.6;  30.2;  13.10;  -999;   18.4;eor
  3137;20020901;20020930;  10;   1;   20.2;  14.7;   10.3;    1.00;  4.48;  -999;    17.9;  26.9;   4.00;  -999;    4.9;eor
  3137;20021001;20021031;  10;   1;   14.0;  10.2;    7.1;    1.60;  6.24;  -999;    81.6;  19.6;   0.90;  -999;   15.6;eor
  3137;20021101;20021130;  10;   1;   10.3;   7.9;    5.5;    0.50;  6.96;  -999;    93.7;  16.6;   0.60;  -999;   22.5;eor
  3137;20021201;20021231;  10;   1;    5.7;   3.4;    1.5;    0.80;  6.64;  -999;    87.7;  12.9;  -7.20;  -999;   28.9;eor
  3137;20030101;20030131;  10;   1;    4.1;   1.5;   -1.0;    1.00;  6.24;  -999;    57.7;  12.6; -10.50;  -999;   23.0;eor
  3137;20030201;20030228;  10;   1;    4.8;   0.6;   -2.8;    1.00;  3.44;  -999;     7.5;  13.2;  -6.40;  -999;    2.9;eor
  3137;20030301;20030331;  10;   1;   14.5;   8.6;    3.8;    1.00;  3.68;  -999;    26.1;  21.6;  -1.10;  -999;    6.8;eor
  3137;20030401;20030430;  10;   1;   17.2;  11.2;    5.9;    1.70;  3.92;  -999;    19.8;  25.6;  -3.60;  -999;   11.1;eor
  3137;20030501;20030531;  10;   1;   21.7;  16.1;   11.2;    1.10;  5.60;  -999;    74.4;  30.5;   5.50;  -999;   13.1;eor
  3137;20030601;20030630;  10;   1;   28.6;  22.2;   16.5;    0.80;  3.76;  -999;    53.6;  33.4;  10.60;  -999;   14.0;eor
  3137;20030701;20030731;  10;   1;   27.8;  21.6;   16.1;    1.10;  4.56;  -999;    29.9;  36.9;  13.00;  -999;    6.1;eor
  3137;20030801;20030831;  10;   1;   31.1;  23.9;   17.1;    0.80;  2.40;  -999;    15.7;  38.9;  11.60;  -999;    7.5;eor
  3137;20030901;20030930;  10;   1;   22.8;  15.8;   10.3;    1.10;  3.52;  -999;    30.3;  30.0;   5.60;  -999;   21.2;eor
  3137;20031001;20031031;  10;   1;   11.8;   8.1;    5.0;    1.60;  5.20;  -999;    47.3;  22.9;  -3.30;  -999;    7.1;eor
  3137;20031101;20031130;  10;   1;    9.9;   7.1;    4.7;    0.90;  6.08;  -999;    42.4;  14.5;   0.20;  -999;   13.2;eor
  3137;20031201;20031231;  10;   1;    5.7;   3.0;    0.6;    1.30;  5.76;  -999;    32.7;  11.9;  -4.60;  -999;   15.1;eor
  3137;20040101;20040131;  10;   1;    4.5;   2.2;   -0.1;    1.50;  7.28;  -999;    80.2;  11.2;  -6.10;  -999;   18.9;eor
  3137;20040201;20040229;  10;   1;    7.8;   4.5;    1.8;    1.60;  6.00;  -999;    16.8;  14.9;  -5.50;  -999;    5.9;eor
  3137;20040301;20040331;  10;   1;   10.9;   6.0;    2.1;    1.10;  4.64;  -999;    20.9;  21.6;  -3.00;  -999;    6.5;eor
  3137;20040401;20040430;  10;   1;   18.0;  12.1;    7.1;    1.30;  4.64;  -999;    18.1;  26.0;   0.40;  -999;    9.0;eor
  3137;20040501;20040531;  10;   1;   19.2;  13.9;    8.7;    1.00;  5.28;  -999;    55.9;  27.1;   3.00;  -999;   24.5;eor
  3137;20040601;20040630;  10;   1;   24.0;  18.1;   12.8;    1.20;  5.52;  -999;    23.9;  33.6;   7.60;  -999;    6.7;eor
  3137;20040701;20040731;  10;   1;   24.5;  19.2;   14.9;    0.90;  5.76;  -999;   103.4;  30.2;  10.30;  -999;   43.2;eor
  3137;20040801;20040831;  10;   1;   26.2;  20.5;   16.1;    1.10;  5.76;  -999;    82.5;  33.5;   9.70;  -999;   22.3;eor
  3137;20040901;20040930;  10;   1;   22.1;  16.2;   11.8;    1.10;  4.24;  -999;    32.4;  29.2;   5.00;  -999;   16.2;eor
  3137;20041001;20041031;  10;   1;   15.4;  11.2;    7.8;    0.80;  5.76;  -999;    57.8;  25.2;   3.10;  -999;   15.2;eor
  3137;20041101;20041130;  10;   1;    8.3;   5.7;    3.4;    1.20;  6.32;  -999;    28.8;  13.5;  -2.50;  -999;   12.2;eor
  3137;20041201;20041231;  10;   1;    3.8;   1.5;   -0.3;    0.70;  6.72;  -999;    19.7;   9.6;  -6.90;  -999;    6.0;eor
  3137;20050101;20050131;  10;   1;    6.2;   3.3;    0.7;    1.50;  5.84;  -999;    26.3;  12.5;  -9.00;  -999;    7.4;eor
  3137;20050201;20050228;  10;   1;    4.0;   0.9;   -1.1;    1.40;  6.48;  -999;    45.7;  12.9;  -8.00;  -999;   15.1;eor
  3137;20050301;20050331;  10;   1;   11.7;   6.8;    2.9;    1.10;  5.28;  -999;    27.9;  22.6;  -9.90;  -999;    9.8;eor
  3137;20050401;20050430;  10;   1;   17.7;  11.9;    7.1;    0.80;  4.80;  -999;    75.4;  25.7;   0.20;  -999;   16.2;eor
  3137;20050501;20050531;  10;   1;   21.2;  15.4;   10.1;    1.00;  4.80;  -999;    71.7;  34.0;   3.60;  -999;   20.7;eor
  3137;20050601;20050630;  10;   1;   25.9;  20.1;   13.9;    1.00;  4.40;  -999;    35.5;  34.6;   6.70;  -999;   16.8;eor
  3137;20050701;20050731;  10;   1;   26.9;  20.7;   15.7;    0.80;  5.28;  -999;    34.7;  35.0;  10.10;  -999;    7.7;eor
  3137;20050801;20050831;  10;   1;   23.9;  18.1;   13.5;    0.80;  4.96;  -999;    61.5;  31.0;   9.10;  -999;   23.8;eor
  3137;20050901;20050930;  10;   1;   23.6;  17.3;   12.6;    0.80;  4.40;  -999;    61.7;  31.2;   5.00;  -999;   33.5;eor
  3137;20051001;20051031;  10;   1;   16.5;  12.3;    9.3;    0.70;  4.08;  -999;    40.0;  22.0;   4.60;  -999;   21.2;eor
  3137;20051101;20051130;  10;   1;    8.5;   5.6;    3.2;    0.70;  6.24;  -999;    35.4;  18.4;  -2.10;  -999;    6.4;eor
  3137;20051201;20051231;  10;   1;    5.0;   2.5;    0.3;    0.70;  6.64;  -999;    49.7;   9.9;  -3.80;  -999;   17.5;eor
  3137;20060101;20060131;  10;   1;    2.6;  -0.4;   -2.7;    0.70;  5.52;  -999;    -999;   7.6;  -8.30;  -999;   -999;eor
  3137;20060201;20060228;  10;   1;    4.6;   1.9;    0.0;    1.40;  7.20;  -999;    36.4;  10.6;  -8.10;  -999;   11.6;eor
  3137;20060301;20060331;  10;   1;    8.6;   4.2;    1.0;    1.30;  5.76;  -999;    67.7;  18.7;  -5.10;  -999;   25.6;eor
  3137;20060401;20060430;  10;   1;   15.8;  10.6;    6.3;    1.10;  5.52;  -999;    41.3;  24.1;  -1.00;  -999;   10.3;eor
  3137;20060501;20060531;  10;   1;   20.9;  15.6;   11.1;    1.60;  5.60;  -999;    76.6;  26.9;   4.70;  -999;   14.2;eor
  3137;20060601;20060630;  10;   1;   25.7;  19.8;   14.0;    1.00;  3.92;  -999;    38.7;  33.4;   6.40;  -999;   34.3;eor
  3137;20060701;20060731;  10;   1;   31.9;  25.0;   19.0;    0.80;  3.20;  -999;    37.3;  36.8;  16.10;  -999;   10.5;eor
  3137;20060801;20060831;  10;   1;   22.4;  17.0;   13.5;    1.00;  6.64;  -999;   117.7;  28.0;   8.90;  -999;   23.5;eor
  3137;20060901;20060930;  10;   1;   24.7;  18.7;   14.2;    0.70;  3.84;  -999;    13.6;  28.9;  10.40;  -999;   11.2;eor
  3137;20061001;20061031;  10;   1;   17.4;  13.3;   10.3;    0.90;  5.68;  -999;    72.1;  21.1;   5.00;  -999;   25.0;eor
  3137;20061101;20061130;  10;   1;   11.6;   8.2;    5.5;    1.90;  6.48;  -999;    26.5;  15.4;  -0.60;  -999;    6.3;eor
  3137;20061201;20061231;  10;   1;    7.8;   5.0;    2.5;    0.80;  6.24;  -999;    31.4;  14.6;  -3.10;  -999;    9.6;eor
  3137;20070101;20070131;  10;   1;    9.1;   6.4;    3.8;    1.90;  6.72;  -999;    44.6;  15.4;  -8.10;  -999;   12.0;eor
  3137;20070201;20070228;  10;   1;    9.3;   6.0;    3.4;    1.30;  6.40;  -999;    68.9;  13.6;  -1.40;  -999;    8.8;eor
  3137;20070301;20070331;  10;   1;   13.3;   7.8;    3.5;    1.40;  4.48;  -999;    50.4;  18.6;   0.00;  -999;   10.6;eor
  3137;20070401;20070430;  10;   1;   22.4;  15.2;    8.6;    1.30;  1.44;  -999;     0.0;  29.4;   1.10;  -999;    0.0;eor
  3137;20070501;20070531;  10;   1;   22.1;  16.6;   11.7;    1.30;  5.52;  -999;    68.6;  32.2;   4.60;  -999;   11.7;eor
  3137;20070601;20070630;  10;   1;   24.9;  19.6;   15.2;    0.80;  5.92;  -999;    97.4;  32.0;  11.00;  -999;   24.2;eor
  3137;20070701;20070731;  10;   1;   24.6;  19.2;   14.5;    1.20;  5.52;  -999;    79.2;  35.9;   8.10;  -999;   15.2;eor
  3137;20070801;20070831;  10;   1;   24.3;  18.7;   14.2;    0.80;  4.72;  -999;    52.0;  31.6;   8.60;  -999;   13.0;eor
  3137;20070901;20070930;  10;   1;   19.3;  14.3;   10.1;    1.10;  5.92;  -999;    46.2;  24.9;   5.10;  -999;   16.5;eor
  3137;20071001;20071031;  10;   1;   14.6;  10.1;    6.9;    0.80;  4.72;  -999;     6.0;  21.4;   0.00;  -999;    3.1;eor
  3137;20071101;20071130;  10;   1;    7.8;   5.3;    3.0;    1.40;  6.96;  -999;    63.6;  14.1;  -3.60;  -999;    7.2;eor
  3137;20071201;20071231;  10;   1;    4.7;   2.6;    0.9;    1.80;  6.24;  -999;    35.6;  14.1;  -6.10;  -999;   11.9;eor
  3137;20080101;20080131;  10;   1;    7.5;   4.9;    2.1;    1.20;  6.72;  -999;    35.3;  14.0;  -2.20;  -999;    9.0;eor
  3137;20080201;20080229;  10;   1;    9.5;   4.5;    0.6;    0.80;  3.84;  -999;    57.7;  16.5;  -7.00;  -999;   25.2;eor
  3137;20080301;20080331;  10;   1;   10.3;   6.0;    3.0;    1.80;  6.40;  -999;    68.3;  22.3;  -5.10;  -999;   13.6;eor
  3137;20080401;20080430;  10;   1;   14.5;   9.7;    5.9;    1.20;  5.68;  -999;    57.0;  21.5;  -0.90;  -999;   10.0;eor
  3137;20080501;20080531;   3;   1;   22.1;  17.1;   12.4;    -999;  -999;  -999;    25.3;  28.9;   6.20;  -999;    9.4;eor
  3137;20080601;20080630;   3;   1;   23.5;  18.5;   13.8;    -999;  -999;  -999;    89.2;  29.7;   8.90;  -999;   31.3;eor
  3137;20080701;20080731;-999;-999;   -999;  -999;   -999;    -999;  -999;  -999;    27.3;  -999;   -999;  -999;    6.8;eor
  3137;20080801;20080831;   3;   1;   23.5;  18.8;   14.3;    -999;  -999;  -999;    73.6;  29.8;  10.70;  -999;   20.4;eor
  3137;20080901;20080930;   3;   1;   17.5;  13.4;    9.5;    -999;  -999;  -999;    49.3;  24.8;   4.70;  -999;   20.5;eor
  3137;20081001;20081031;   3;   1;   13.2;   9.8;    6.5;    -999;  -999;  -999;    46.2;  18.2;   0.80;  -999;    7.6;eor
  3137;20081101;20081130;   3;   1;    8.7;   6.3;    3.6;    -999;  -999;  -999;    12.9;  15.6;  -3.20;  -999;    3.7;eor
  3137;20081201;20081231;   3;   1;    3.8;   1.8;   -0.4;    -999;  -999;  -999;    34.4;  10.7;  -6.20;  -999;    6.1;eor
  3137;20090101;20090131;   3;   1;    0.6;  -1.8;   -4.2;    -999;  -999;  -999;    30.8;   8.4; -13.50;  -999;   19.8;eor
  3137;20090201;20090228;   3;   1;    4.7;   2.3;   -0.1;    -999;  -999;  -999;    37.6;  10.2;  -5.20;  -999;    7.8;eor
  3137;20090301;20090331;   3;   1;    9.5;   6.0;    2.8;    -999;  -999;  -999;    41.4;  13.8;  -1.80;  -999;    8.0;eor
  3137;20090401;20090430;   3;   1;   18.7;  14.0;    9.4;    -999;  -999;  -999;    30.7;  24.4;   4.90;  -999;   13.5;eor
  3137;20090501;20090531;   3;   1;   20.1;  15.4;   10.6;    -999;  -999;  -999;    54.9;  29.4;   5.80;  -999;   14.2;eor
  3137;20090601;20090630;   3;   1;   21.2;  16.6;   12.2;    -999;  -999;  -999;    84.7;  28.0;   6.80;  -999;   25.5;eor
  3137;20090701;20090731;   3;   1;   24.3;  19.4;   15.0;    -999;  -999;  -999;    68.7;  30.1;  11.90;  -999;   14.1;eor
  3137;20090801;20090831;   3;   1;   26.3;  20.6;   15.1;    -999;  -999;  -999;     9.8;  34.7;   9.40;  -999;    2.2;eor
  3137;20090901;20090930;   3;   1;   21.1;  16.4;   12.3;    -999;  -999;  -999;    32.8;  30.8;   8.90;  -999;   17.7;eor
  3137;20091001;20091031;   3;   1;   13.4;   9.8;    6.2;    -999;  -999;  -999;    38.5;  22.3;  -0.90;  -999;   10.5;eor
  3137;20091101;20091130;   3;   1;   10.5;   8.2;    6.0;    -999;  -999;  -999;    66.8;  13.8;   1.50;  -999;   13.0;eor
  3137;20091201;20091231;   3;   1;    4.0;   1.7;   -0.9;    -999;  -999;  -999;    74.4;  10.7; -16.50;  -999;   13.0;eor
  3137;20100101;20100131;   3;   1;   -0.2;  -2.0;   -4.1;    -999;  -999;  -999;    32.5;   5.8; -11.40;  -999;    7.9;eor
  3137;20100201;20100228;   3;   1;    3.8;   1.3;   -0.9;    -999;  -999;  -999;    36.5;  13.8;  -6.90;  -999;    7.9;eor
  3137;20100301;20100331;   3;   1;   10.0;   6.1;    2.5;    -999;  -999;  -999;    22.9;  19.3;  -5.40;  -999;    7.3;eor
  3137;20100401;20100430;   3;   1;   15.9;  11.0;    6.0;    -999;  -999;  -999;    15.3;  25.4;  -0.80;  -999;    5.6;eor
  3137;20100501;20100531;   3;   1;   15.7;  11.8;    8.3;    -999;  -999;  -999;   113.1;  26.7;   2.80;  -999;   16.6;eor
  3137;20100601;20100630;   3;   1;   23.4;  18.4;   13.3;    -999;  -999;  -999;    55.3;  30.1;   7.50;  -999;   20.5;eor
  3137;20100701;20100731;   3;   1;   27.1;  21.6;   16.3;    -999;  -999;  -999;    56.1;  35.3;  11.60;  -999;   10.1;eor
  3137;20100801;20100831;   3;   1;   22.5;  17.9;   13.7;    -999;  -999;  -999;   101.7;  30.0;   8.70;  -999;   18.8;eor
  3137;20100901;20100930;   3;   1;   17.6;  13.7;    9.8;    -999;  -999;  -999;    53.3;  23.5;   5.00;  -999;   14.4;eor
  3137;20101001;20101031;   3;   1;   13.6;   9.3;    5.7;    -999;  -999;  -999;    20.5;  21.5;  -2.00;  -999;    5.7;eor
  3137;20101101;20101130;   3;   1;    8.4;   6.4;    4.5;    -999;  -999;  -999;    52.7;  18.2;  -3.60;  -999;   10.0;eor
  3137;20101201;20101231;   3;   1;   -0.1;  -2.0;   -4.1;    -999;  -999;  -999;    74.2;   4.9; -11.00;  -999;   18.3;eor
  3137;20110101;20110131;   3;   1;    4.6;   2.4;    0.0;    -999;  -999;  -999;    37.3;  13.8;  -7.10;  -999;   12.7;eor
  3137;20110201;20110228;   3;   1;    5.4;   2.7;    0.3;    -999;  -999;  -999;    20.0;  11.2;  -7.90;  -999;    4.1;eor
  3137;20110301;20110331;   3;   1;   12.3;   7.8;    3.4;    -999;  -999;  -999;    15.5;  19.6;  -2.80;  -999;    5.9;eor
  3137;20110401;20110430;   3;   1;   19.5;  14.1;    8.9;    -999;  -999;  -999;    14.2;  25.4;   3.40;  -999;    9.0;eor
  3137;20110501;20110531;   3;   1;   22.0;  16.1;   10.1;    -999;  -999;  -999;    17.9;  29.8;   2.00;  -999;    7.3;eor
  3137;20110601;20110630;   3;   1;   22.6;  17.9;   13.5;    -999;  -999;  -999;    89.8;  31.8;  10.00;  -999;   43.0;eor
  3137;20110701;20110731;   3;   1;   22.1;  17.2;   13.0;    -999;  -999;  -999;    46.7;  29.6;  10.10;  -999;    6.5;eor
  3137;20110801;20110831;   3;   1;   24.3;  19.0;   14.5;    -999;  -999;  -999;    92.7;  32.7;   9.10;  -999;   20.0;eor
  3137;20110901;20110930;   3;   1;   22.0;  17.0;   12.3;    -999;  -999;  -999;    41.2;  28.7;   7.80;  -999;   16.5;eor
  3137;20111001;20111031;   3;   1;   15.2;  10.8;    6.9;    -999;  -999;  -999;    23.6;  26.2;  -0.70;  -999;    6.5;eor
  3137;20111101;20111130;   3;   1;    8.1;   5.4;    3.0;    -999;  -999;  -999;     1.6;  17.3;  -2.20;  -999;    0.6;eor
  3137;20111201;20111231;   3;   1;    7.4;   4.9;    2.3;    -999;  -999;  -999;    88.6;  11.9;  -1.80;  -999;   25.0;eor
  3137;20120101;20120131;   3;   1;    5.8;   3.6;    1.3;    -999;  -999;  -999;    54.6;  13.1;  -6.60;  -999;    9.4;eor
  3137;20120201;20120229;   3;   1;    2.5;  -0.7;   -3.8;    -999;  -999;  -999;     7.2;  14.2; -15.70;  -999;    2.4;eor
  3137;20120301;20120331;   3;   1;   13.2;   9.1;    5.1;    -999;  -999;  -999;    15.9;  21.0;  -0.60;  -999;    6.5;eor
  3137;20120401;20120430;   3;   1;   13.9;   9.5;    5.5;    -999;  -999;  -999;    30.7;  29.0;  -0.90;  -999;    5.6;eor
  3137;20120501;20120531;   3;   1;   21.1;  16.1;   10.9;    -999;  -999;  -999;    57.1;  28.4;   3.20;  -999;   14.8;eor
  3137;20120601;20120630;   3;   1;   21.4;  16.7;   12.5;    -999;  -999;  -999;    81.4;  29.4;   6.90;  -999;   15.8;eor
  3137;20120701;20120731;   3;   1;   23.7;  19.0;   14.4;    -999;  -999;  -999;    49.3;  34.2;   9.80;  -999;   13.8;eor
  3137;20120801;20120831;   3;   1;   26.1;  20.7;   15.3;    -999;  -999;  -999;    32.8;  35.3;  11.10;  -999;   11.5;eor
  3137;20120901;20120930;   3;   1;   20.6;  15.2;   10.2;    -999;  -999;  -999;    34.6;  30.3;   5.00;  -999;    8.1;eor
  3137;20121001;20121031;   3;   1;   13.7;   9.6;    5.7;    -999;  -999;  -999;    53.1;  20.2;  -4.50;  -999;   12.0;eor
  3137;20121101;20121130;   3;   1;    8.0;   5.9;    3.5;    -999;  -999;  -999;    44.8;  13.7;  -1.30;  -999;   12.2;eor
  3137;20121201;20121231;   3;   1;    5.4;   3.4;    1.1;    -999;  -999;  -999;    75.1;  13.5;  -7.50;  -999;   25.0;eor
  3137;20130101;20130131;   3;   1;    3.3;   1.6;   -0.3;    -999;  -999;  -999;    24.6;  13.6;  -7.50;  -999;    8.3;eor
  3137;20130201;20130228;   3;   1;    2.6;   0.5;   -1.5;    -999;  -999;  -999;    31.7;   9.5;  -6.00;  -999;    5.1;eor
  3137;20130301;20130331;   3;   1;    6.0;   2.3;   -0.8;    -999;  -999;  -999;    38.6;  15.4;  -6.80;  -999;   11.7;eor
  3137;20130401;20130430;   3;   1;   13.8;   9.8;    6.0;    -999;  -999;  -999;    56.6;  24.3;  -3.40;  -999;   16.4;eor
  3137;20130501;20130531;   3;   1;   16.5;  12.3;    8.7;    -999;  -999;  -999;   100.0;  23.0;   2.60;  -999;   23.0;eor
  3137;20130601;20130630;   3;   1;   21.9;  17.1;   12.3;    -999;  -999;  -999;    42.2;  34.0;   7.70;  -999;    9.4;eor
  3137;20130701;20130731;   3;   1;   27.0;  21.7;   16.2;    -999;  -999;  -999;    15.6;  35.0;  11.40;  -999;    8.6;eor
  3137;20130801;20130831;   3;   1;   25.2;  19.6;   14.5;    -999;  -999;  -999;    51.1;  35.8;  10.70;  -999;   13.5;eor
  3137;20130901;20130930;   3;   1;   19.2;  15.0;   11.1;    -999;  -999;  -999;    48.0;  29.8;   6.60;  -999;    9.5;eor
  3137;20131001;20131031;   3;   1;   15.0;  11.7;    8.5;    -999;  -999;  -999;    98.0;  21.6;  -0.10;  -999;   25.0;eor
  3137;20131101;20131130;   3;   1;    7.8;   5.5;    3.3;    -999;  -999;  -999;    57.7;  16.4;  -4.40;  -999;   12.9;eor
  3137;20131201;20131231;   3;   1;    6.3;   4.1;    1.7;    -999;  -999;  -999;    24.3;  13.3;  -1.50;  -999;    6.5;eor